herbarium/105951/283055.jpg 2 3 3
herbarium/105951/283069.jpg 2 3 3
herbarium/105951/283048.jpg 2 3 3
herbarium/105951/283079.jpg 2 3 3
herbarium/105951/283060.jpg 2 3 3
herbarium/106023/302499.jpg 2 4 5
herbarium/106023/302403.jpg 2 4 5
herbarium/106023/302481.jpg 2 4 5
herbarium/106023/302379.jpg 2 4 5
herbarium/106023/302213.jpg 2 4 5
herbarium/106387/153910.jpg 3 5 6
herbarium/106387/153761.jpg 3 5 6
herbarium/106387/153779.jpg 3 5 6
herbarium/106387/153816.jpg 3 5 6
herbarium/106387/153815.jpg 3 5 6
herbarium/106413/232376.jpg 3 5 8
herbarium/106413/232383.jpg 3 5 8
herbarium/106413/232375.jpg 3 5 8
herbarium/106413/232367.jpg 3 5 8
herbarium/106413/232370.jpg 3 5 8
herbarium/106461/154158.jpg 3 5 9
herbarium/106461/153999.jpg 3 5 9
herbarium/106461/154265.jpg 3 5 9
herbarium/106461/154211.jpg 3 5 9
herbarium/106461/154023.jpg 3 5 9
herbarium/106466/169182.jpg 3 5 10
herbarium/106466/169167.jpg 3 5 10
herbarium/106466/169169.jpg 3 5 10
herbarium/106466/169181.jpg 3 5 10
herbarium/106466/169178.jpg 3 5 10
herbarium/110432/293579.jpg 7 10 17
herbarium/110432/293596.jpg 7 10 17
herbarium/110432/293529.jpg 7 10 17
herbarium/110432/293606.jpg 7 10 17
herbarium/110432/293626.jpg 7 10 17
herbarium/116853/191092.jpg 9 12 19
herbarium/116853/191088.jpg 9 12 19
herbarium/116853/190981.jpg 9 12 19
herbarium/116853/191015.jpg 9 12 19
herbarium/116853/191041.jpg 9 12 19
herbarium/119986/193433.jpg 12 16 23
herbarium/119986/193733.jpg 12 16 23
herbarium/119986/193697.jpg 12 16 23
herbarium/119986/193712.jpg 12 16 23
herbarium/119986/193476.jpg 12 16 23
herbarium/120497/284743.jpg 13 18 26
herbarium/120497/284751.jpg 13 18 26
herbarium/120497/284746.jpg 13 18 26
herbarium/120497/284749.jpg 13 18 26
herbarium/120497/284728.jpg 13 18 26
herbarium/121825/86075.jpg 14 19 36
herbarium/121825/86108.jpg 14 19 36
herbarium/121825/86029.jpg 14 19 36
herbarium/121825/86057.jpg 14 19 36
herbarium/121825/86040.jpg 14 19 36
herbarium/121836/86155.jpg 14 19 37
herbarium/121836/86319.jpg 14 19 37
herbarium/121836/86360.jpg 14 19 37
herbarium/121836/86220.jpg 14 19 37
herbarium/121836/86210.jpg 14 19 37
herbarium/121841/86541.jpg 14 19 38
herbarium/121841/86517.jpg 14 19 38
herbarium/121841/86498.jpg 14 19 38
herbarium/121841/86527.jpg 14 19 38
herbarium/121841/86433.jpg 14 19 38
herbarium/121854/86597.jpg 14 19 39
herbarium/121854/86610.jpg 14 19 39
herbarium/121854/86626.jpg 14 19 39
herbarium/121854/86658.jpg 14 19 39
herbarium/121854/86621.jpg 14 19 39
herbarium/12254/9516.jpg 15 20 40
herbarium/12254/9595.jpg 15 20 40
herbarium/12254/9393.jpg 15 20 40
herbarium/12254/10519.jpg 15 20 40
herbarium/12254/9243.jpg 15 20 40
herbarium/12518/11410.jpg 15 22 42
herbarium/12518/11145.jpg 15 22 42
herbarium/12518/11024.jpg 15 22 42
herbarium/12518/10800.jpg 15 22 42
herbarium/12518/11157.jpg 15 22 42
herbarium/125412/86675.jpg 16 23 43
herbarium/125412/86753.jpg 16 23 43
herbarium/125412/86766.jpg 16 23 43
herbarium/125412/86931.jpg 16 23 43
herbarium/125412/86826.jpg 16 23 43
herbarium/126895/87005.jpg 17 24 44
herbarium/126895/87283.jpg 17 24 44
herbarium/126895/87202.jpg 17 24 44
herbarium/126895/87358.jpg 17 24 44
herbarium/126895/86969.jpg 17 24 44
herbarium/127007/87487.jpg 17 25 45
herbarium/127007/87458.jpg 17 25 45
herbarium/127007/87527.jpg 17 25 45
herbarium/127007/87596.jpg 17 25 45
herbarium/127007/87597.jpg 17 25 45
herbarium/127097/261746.jpg 18 26 47
herbarium/127097/261764.jpg 18 26 47
herbarium/127097/261763.jpg 18 26 47
herbarium/127097/261776.jpg 18 26 47
herbarium/127097/261740.jpg 18 26 47
herbarium/127151/265122.jpg 18 26 48
herbarium/127151/265145.jpg 18 26 48
herbarium/127151/265283.jpg 18 26 48
herbarium/127151/265228.jpg 18 26 48
herbarium/127151/265320.jpg 18 26 48
herbarium/127242/271274.jpg 18 26 49
herbarium/127242/271413.jpg 18 26 49
herbarium/127242/271432.jpg 18 26 49
herbarium/127242/271285.jpg 18 26 49
herbarium/127242/271339.jpg 18 26 49
herbarium/12910/12029.jpg 15 28 51
herbarium/12910/11671.jpg 15 28 51
herbarium/12910/12209.jpg 15 28 51
herbarium/12910/12110.jpg 15 28 51
herbarium/12910/12380.jpg 15 28 51
herbarium/12922/13708.jpg 15 29 52
herbarium/12922/12846.jpg 15 29 52
herbarium/12922/13183.jpg 15 29 52
herbarium/12922/14478.jpg 15 29 52
herbarium/12922/12564.jpg 15 29 52
herbarium/129645/260840.jpg 19 31 58
herbarium/129645/260817.jpg 19 31 58
herbarium/129645/260848.jpg 19 31 58
herbarium/129645/260708.jpg 19 31 58
herbarium/129645/260789.jpg 19 31 58
herbarium/130657/321702.jpg 19 33 60
herbarium/130657/321731.jpg 19 33 60
herbarium/130657/321612.jpg 19 33 60
herbarium/130657/321642.jpg 19 33 60
herbarium/130657/321813.jpg 19 33 60
herbarium/131079/329437.jpg 19 33 61
herbarium/131079/329947.jpg 19 33 61
herbarium/131079/329337.jpg 19 33 61
herbarium/131079/329347.jpg 19 33 61
herbarium/131079/328820.jpg 19 33 61
herbarium/131736/300461.jpg 19 33 63
herbarium/131736/301094.jpg 19 33 63
herbarium/131736/300353.jpg 19 33 63
herbarium/131736/300799.jpg 19 33 63
herbarium/131736/300197.jpg 19 33 63
herbarium/132107/309996.jpg 19 33 64
herbarium/132107/310110.jpg 19 33 64
herbarium/132107/310100.jpg 19 33 64
herbarium/132107/310169.jpg 19 33 64
herbarium/132107/310600.jpg 19 33 64
herbarium/132113/283011.jpg 19 33 65
herbarium/132113/282997.jpg 19 33 65
herbarium/132113/282986.jpg 19 33 65
herbarium/132113/282964.jpg 19 33 65
herbarium/132113/282962.jpg 19 33 65
herbarium/132325/169485.jpg 19 34 66
herbarium/132325/169489.jpg 19 34 66
herbarium/132325/169438.jpg 19 34 66
herbarium/132325/169437.jpg 19 34 66
herbarium/132325/169446.jpg 19 34 66
herbarium/132431/87747.jpg 19 36 68
herbarium/132431/87976.jpg 19 36 68
herbarium/132431/87853.jpg 19 36 68
herbarium/132431/87631.jpg 19 36 68
herbarium/132431/87654.jpg 19 36 68
herbarium/132476/281553.jpg 19 37 69
herbarium/132476/281618.jpg 19 37 69
herbarium/132476/281489.jpg 19 37 69
herbarium/132476/281528.jpg 19 37 69
herbarium/132476/281593.jpg 19 37 69
herbarium/132501/307586.jpg 19 37 70
herbarium/132501/307560.jpg 19 37 70
herbarium/132501/307528.jpg 19 37 70
herbarium/132501/307305.jpg 19 37 70
herbarium/132501/307577.jpg 19 37 70
herbarium/13276/15212.jpg 20 39 72
herbarium/13276/15145.jpg 20 39 72
herbarium/13276/15167.jpg 20 39 72
herbarium/13276/15168.jpg 20 39 72
herbarium/13276/15160.jpg 20 39 72
herbarium/13325/15262.jpg 20 39 74
herbarium/13325/15283.jpg 20 39 74
herbarium/13325/15265.jpg 20 39 74
herbarium/13325/15268.jpg 20 39 74
herbarium/13325/15308.jpg 20 39 74
herbarium/13330/15695.jpg 20 39 76
herbarium/13330/16077.jpg 20 39 76
herbarium/13330/16022.jpg 20 39 76
herbarium/13330/16010.jpg 20 39 76
herbarium/13330/15772.jpg 20 39 76
herbarium_photo_associations/13336/16154.jpg 20 39 77
herbarium/13336/16158.jpg 20 39 77
herbarium/13336/16176.jpg 20 39 77
herbarium/13336/16173.jpg 20 39 77
herbarium/13336/16149.jpg 20 39 77
herbarium/133595/315409.jpg 19 43 79
herbarium/133595/315584.jpg 19 43 79
herbarium/133595/315536.jpg 19 43 79
herbarium/133595/315265.jpg 19 43 79
herbarium/133595/315666.jpg 19 43 79
herbarium/133617/272797.jpg 19 46 82
herbarium/133617/272717.jpg 19 46 82
herbarium/133617/272628.jpg 19 46 82
herbarium/133617/272646.jpg 19 46 82
herbarium/133617/272687.jpg 19 46 82
herbarium/13370/16246.jpg 20 39 84
herbarium/13370/16434.jpg 20 39 84
herbarium/13370/16368.jpg 20 39 84
herbarium/13370/16339.jpg 20 39 84
herbarium/13370/16364.jpg 20 39 84
herbarium/13376/244283.jpg 20 39 85
herbarium/13376/244284.jpg 20 39 85
herbarium/13376/244294.jpg 20 39 85
herbarium_photo_associations/13376/244285.jpg 20 39 85
herbarium/13390/16517.jpg 20 39 86
herbarium/13390/16518.jpg 20 39 86
herbarium/13390/16510.jpg 20 39 86
herbarium/13390/16526.jpg 20 39 86
herbarium/13390/16590.jpg 20 39 86
herbarium/136761/284630.jpg 21 50 92
herbarium/136761/284609.jpg 21 50 92
herbarium/136761/284613.jpg 21 50 92
herbarium/136761/284601.jpg 21 50 92
herbarium/136761/284623.jpg 21 50 92
herbarium/138662/256917.jpg 22 54 99
herbarium/138662/256894.jpg 22 54 99
herbarium/138662/256762.jpg 22 54 99
herbarium/138662/256885.jpg 22 54 99
herbarium/138662/256933.jpg 22 54 99
herbarium/13870/17195.jpg 20 53 100
herbarium/13870/17170.jpg 20 53 100
herbarium/13870/17172.jpg 20 53 100
herbarium/13870/17189.jpg 20 53 100
herbarium/13870/17180.jpg 20 53 100
herbarium/13907/3593.jpg 20 55 102
herbarium/13907/3598.jpg 20 55 102
herbarium/13907/3590.jpg 20 55 102
herbarium/13907/3597.jpg 20 55 102
herbarium/13907/3562.jpg 20 55 102
herbarium/140367/260932.jpg 22 56 103
herbarium/140367/260933.jpg 22 56 103
herbarium/140367/260924.jpg 22 56 103
herbarium/140367/260936.jpg 22 56 103
herbarium/140367/260921.jpg 22 56 103
herbarium/141068/267468.jpg 22 58 105
herbarium/141068/267439.jpg 22 58 105
herbarium/141068/267563.jpg 22 58 105
herbarium/141068/267623.jpg 22 58 105
herbarium/141068/267647.jpg 22 58 105
herbarium/141332/196420.jpg 23 59 106
herbarium/141332/196320.jpg 23 59 106
herbarium/141332/196164.jpg 23 59 106
herbarium/141332/196070.jpg 23 59 106
herbarium/141332/196114.jpg 23 59 106
herbarium/141336/196589.jpg 23 59 107
herbarium/141336/196953.jpg 23 59 107
herbarium/141336/196980.jpg 23 59 107
herbarium/141336/196976.jpg 23 59 107
herbarium/141336/196593.jpg 23 59 107
herbarium/142550/265695.jpg 26 62 110
herbarium/142550/265648.jpg 26 62 110
herbarium/142550/265663.jpg 26 62 110
herbarium/142550/265714.jpg 26 62 110
herbarium/142550/265724.jpg 26 62 110
herbarium_photo_associations/142736/88412.jpg 27 63 116
herbarium/142736/88413.jpg 27 63 116
herbarium/142736/88437.jpg 27 63 116
herbarium/142736/88438.jpg 27 63 116
herbarium/142736/88436.jpg 27 63 116
herbarium/14294/243974.jpg 20 65 119
herbarium/14294/244017.jpg 20 65 119
herbarium/14294/244031.jpg 20 65 119
herbarium/14294/244026.jpg 20 65 119
herbarium/14294/244007.jpg 20 65 119
herbarium/14314/252675.jpg 20 65 120
herbarium/14314/252669.jpg 20 65 120
herbarium/14314/252685.jpg 20 65 120
herbarium/14314/252691.jpg 20 65 120
herbarium/14314/252656.jpg 20 65 120
herbarium/143496/197706.jpg 28 66 122
herbarium/143496/197300.jpg 28 66 122
herbarium/143496/198098.jpg 28 66 122
herbarium/143496/197598.jpg 28 66 122
herbarium/143496/198091.jpg 28 66 122
herbarium/14353/18002.jpg 20 65 123
herbarium/14353/17998.jpg 20 65 123
herbarium/14353/18162.jpg 20 65 123
herbarium/14353/18101.jpg 20 65 123
herbarium/14353/18171.jpg 20 65 123
herbarium/14359/243899.jpg 20 65 124
herbarium/14359/243887.jpg 20 65 124
herbarium_photo_associations/14359/243864.jpg 20 65 124
herbarium/14359/243885.jpg 20 65 124
herbarium/14359/243900.jpg 20 65 124
herbarium/143706/198726.jpg 28 67 128
herbarium/143706/198887.jpg 28 67 128
herbarium/143706/198703.jpg 28 67 128
herbarium/143706/198873.jpg 28 67 128
herbarium/143706/198765.jpg 28 67 128
herbarium/143710/199431.jpg 28 67 129
herbarium/143710/199305.jpg 28 67 129
herbarium/143710/199322.jpg 28 67 129
herbarium/143710/199341.jpg 28 67 129
herbarium/143710/199333.jpg 28 67 129
herbarium/143758/202662.jpg 28 67 133
herbarium/143758/202456.jpg 28 67 133
herbarium/143758/202545.jpg 28 67 133
herbarium/143758/202640.jpg 28 67 133
herbarium/143758/202511.jpg 28 67 133
herbarium/14401/18386.jpg 20 65 136
herbarium/14401/18375.jpg 20 65 136
herbarium/14401/18371.jpg 20 65 136
herbarium/14401/18330.jpg 20 65 136
herbarium_photo_associations/14401/18324.jpg 20 65 136
herbarium/144394/190759.jpg 30 69 142
herbarium/144394/190872.jpg 30 69 142
herbarium/144394/190840.jpg 30 69 142
herbarium/144394/190702.jpg 30 69 142
herbarium/144394/190404.jpg 30 69 142
herbarium/145020/88787.jpg 32 71 144
herbarium/145020/88757.jpg 32 71 144
herbarium/145020/88749.jpg 32 71 144
herbarium/145020/88789.jpg 32 71 144
herbarium/145020/88735.jpg 32 71 144
herbarium/14766/85614.jpg 20 73 147
herbarium/14766/85613.jpg 20 73 147
herbarium/14766/85645.jpg 20 73 147
herbarium/14766/85636.jpg 20 73 147
herbarium/14766/85637.jpg 20 73 147
herbarium/148220/289783.jpg 34 75 151
herbarium/148220/289835.jpg 34 75 151
herbarium/148220/289812.jpg 34 75 151
herbarium/148220/289780.jpg 34 75 151
herbarium/148220/289778.jpg 34 75 151
herbarium/148977/291245.jpg 34 77 154
herbarium/148977/291373.jpg 34 77 154
herbarium/148977/291257.jpg 34 77 154
herbarium/148977/291260.jpg 34 77 154
herbarium/148977/291226.jpg 34 77 154
herbarium/149264/243705.jpg 34 78 155
herbarium/149264/243670.jpg 34 78 155
herbarium/149264/243708.jpg 34 78 155
herbarium/149264/243678.jpg 34 78 155
herbarium/149264/243714.jpg 34 78 155
herbarium_photo_associations/14939/174054.jpg 20 79 156
herbarium/14939/174085.jpg 20 79 156
herbarium/14939/174104.jpg 20 79 156
herbarium/14939/174084.jpg 20 79 156
herbarium/14939/174108.jpg 20 79 156
herbarium/149682/283017.jpg 34 80 157
herbarium/149682/283018.jpg 34 80 157
herbarium/149682/283038.jpg 34 80 157
herbarium/149682/283031.jpg 34 80 157
herbarium/149682/283023.jpg 34 80 157
herbarium/149919/290153.jpg 34 81 158
herbarium/149919/290187.jpg 34 81 158
herbarium/149919/290130.jpg 34 81 158
herbarium/149919/290070.jpg 34 81 158
herbarium/149919/290231.jpg 34 81 158
herbarium/150135/295105.jpg 34 82 159
herbarium/150135/295114.jpg 34 82 159
herbarium/150135/295139.jpg 34 82 159
herbarium/150135/295163.jpg 34 82 159
herbarium/150135/295165.jpg 34 82 159
herbarium/15014/22767.jpg 20 83 160
herbarium/15014/22811.jpg 20 83 160
herbarium/15014/22754.jpg 20 83 160
herbarium/15014/22789.jpg 20 83 160
herbarium/15014/22806.jpg 20 83 160
herbarium/15089/252754.jpg 20 85 163
herbarium/15089/252758.jpg 20 85 163
herbarium_photo_associations/15089/252760.jpg 20 85 163
herbarium/15089/252778.jpg 20 85 163
herbarium/15089/252755.jpg 20 85 163
herbarium/15091/289712.jpg 20 85 164
herbarium/15091/289696.jpg 20 85 164
herbarium/15091/289682.jpg 20 85 164
herbarium/15091/289692.jpg 20 85 164
herbarium/15091/289691.jpg 20 85 164
herbarium/15119/18529.jpg 20 86 165
herbarium/15119/18540.jpg 20 86 165
herbarium/15119/18541.jpg 20 86 165
herbarium/15119/18538.jpg 20 86 165
herbarium/15119/18554.jpg 20 86 165
herbarium/15135/19027.jpg 20 86 167
herbarium/15135/19055.jpg 20 86 167
herbarium/15135/19026.jpg 20 86 167
herbarium/15135/19030.jpg 20 86 167
herbarium/15135/19049.jpg 20 86 167
herbarium/151469/308322.jpg 34 87 169
herbarium/151469/308190.jpg 34 87 169
herbarium/151469/308147.jpg 34 87 169
herbarium/151469/308219.jpg 34 87 169
herbarium/151469/308185.jpg 34 87 169
herbarium/151593/319495.jpg 34 88 171
herbarium/151593/319411.jpg 34 88 171
herbarium/151593/319463.jpg 34 88 171
herbarium/151593/319470.jpg 34 88 171
herbarium/151593/319498.jpg 34 88 171
herbarium/15318/19897.jpg 20 90 173
herbarium/15318/19850.jpg 20 90 173
herbarium/15318/20062.jpg 20 90 173
herbarium/15318/19904.jpg 20 90 173
herbarium/15318/19701.jpg 20 90 173
herbarium/15330/239257.jpg 20 90 174
herbarium/15330/239271.jpg 20 90 174
herbarium/15330/239219.jpg 20 90 174
herbarium/15330/239261.jpg 20 90 174
herbarium/15330/239233.jpg 20 90 174
herbarium/15336/174128.jpg 20 90 175
herbarium/15336/174132.jpg 20 90 175
herbarium/15336/174122.jpg 20 90 175
herbarium/15336/174119.jpg 20 90 175
herbarium/15336/174134.jpg 20 90 175
herbarium/15355/20233.jpg 20 90 176
herbarium/15355/20201.jpg 20 90 176
herbarium/15355/20156.jpg 20 90 176
herbarium/15355/20186.jpg 20 90 176
herbarium/15355/20250.jpg 20 90 176
herbarium/156516/256122.jpg 35 93 184
herbarium/156516/256146.jpg 35 93 184
herbarium/156516/256143.jpg 35 93 184
herbarium/156516/256136.jpg 35 93 184
herbarium/156516/256137.jpg 35 93 184
herbarium/156526/261693.jpg 35 93 186
herbarium/156526/261701.jpg 35 93 186
herbarium/156526/261691.jpg 35 93 186
herbarium/156526/261711.jpg 35 93 186
herbarium/156526/261704.jpg 35 93 186
herbarium/158341/256426.jpg 35 97 198
herbarium/158341/256492.jpg 35 97 198
herbarium/158341/256532.jpg 35 97 198
herbarium/158341/256555.jpg 35 97 198
herbarium/158341/256506.jpg 35 97 198
herbarium/158592/258625.jpg 35 98 201
herbarium/158592/258496.jpg 35 98 201
herbarium/158592/258479.jpg 35 98 201
herbarium/158592/258637.jpg 35 98 201
herbarium/158592/258401.jpg 35 98 201
herbarium/158653/256336.jpg 35 98 205
herbarium/158653/256400.jpg 35 98 205
herbarium/158653/256340.jpg 35 98 205
herbarium/158653/256265.jpg 35 98 205
herbarium/158653/256341.jpg 35 98 205
herbarium/158736/253512.jpg 35 98 208
herbarium/158736/253655.jpg 35 98 208
herbarium/158736/253545.jpg 35 98 208
herbarium/158736/253559.jpg 35 98 208
herbarium/158736/253565.jpg 35 98 208
herbarium/158793/261991.jpg 35 98 210
herbarium/158793/261986.jpg 35 98 210
herbarium/158793/262005.jpg 35 98 210
herbarium/158793/261928.jpg 35 98 210
herbarium/158793/262006.jpg 35 98 210
herbarium/158833/266278.jpg 35 98 212
herbarium/158833/266232.jpg 35 98 212
herbarium/158833/266333.jpg 35 98 212
herbarium/158833/266236.jpg 35 98 212
herbarium/158833/266158.jpg 35 98 212
herbarium/159434/251991.jpg 36 100 217
herbarium/159434/252079.jpg 36 100 217
herbarium/159434/252065.jpg 36 100 217
herbarium/159434/251931.jpg 36 100 217
herbarium/159434/252052.jpg 36 100 217
herbarium/159483/90356.jpg 36 101 220
herbarium/159483/90182.jpg 36 101 220
herbarium/159483/90174.jpg 36 101 220
herbarium/159483/89546.jpg 36 101 220
herbarium/159483/90245.jpg 36 101 220
herbarium/159516/91428.jpg 36 101 224
herbarium/159516/91206.jpg 36 101 224
herbarium/159516/91334.jpg 36 101 224
herbarium/159516/91427.jpg 36 101 224
herbarium/159516/91156.jpg 36 101 224
herbarium/159518/176007.jpg 36 101 225
herbarium/159518/176177.jpg 36 101 225
herbarium/159518/175720.jpg 36 101 225
herbarium/159518/176017.jpg 36 101 225
herbarium/159518/176367.jpg 36 101 225
herbarium/159581/93426.jpg 36 102 229
herbarium/159581/93395.jpg 36 102 229
herbarium/159581/93358.jpg 36 102 229
herbarium/159581/93360.jpg 36 102 229
herbarium/159581/92946.jpg 36 102 229
herbarium/159630/94324.jpg 36 103 234
herbarium/159630/94664.jpg 36 103 234
herbarium/159630/94637.jpg 36 103 234
herbarium/159630/94469.jpg 36 103 234
herbarium/159630/94709.jpg 36 103 234
herbarium/159647/95649.jpg 36 103 237
herbarium/159647/95711.jpg 36 103 237
herbarium/159647/95690.jpg 36 103 237
herbarium/159647/95796.jpg 36 103 237
herbarium/159647/95702.jpg 36 103 237
herbarium/160570/315860.jpg 37 105 240
herbarium/160570/315882.jpg 37 105 240
herbarium/160570/315874.jpg 37 105 240
herbarium/160570/315855.jpg 37 105 240
herbarium/160570/315886.jpg 37 105 240
herbarium/166822/171774.jpg 37 109 245
herbarium/166822/172270.jpg 37 109 245
herbarium/166822/171600.jpg 37 109 245
herbarium/166822/171729.jpg 37 109 245
herbarium/166822/172166.jpg 37 109 245
herbarium/166869/319748.jpg 37 110 246
herbarium/166869/319698.jpg 37 110 246
herbarium/166869/319987.jpg 37 110 246
herbarium/166869/319794.jpg 37 110 246
herbarium/166869/319841.jpg 37 110 246
herbarium/167503/58408.jpg 37 112 248
herbarium/167503/58531.jpg 37 112 248
herbarium/167503/58202.jpg 37 112 248
herbarium/167503/58442.jpg 37 112 248
herbarium/167503/58276.jpg 37 112 248
herbarium/167811/58771.jpg 37 113 251
herbarium/167811/59000.jpg 37 113 251
herbarium/167811/58779.jpg 37 113 251
herbarium/167811/58836.jpg 37 113 251
herbarium/167811/59004.jpg 37 113 251
herbarium/167813/59090.jpg 37 113 252
herbarium/167813/59107.jpg 37 113 252
herbarium/167813/59356.jpg 37 113 252
herbarium/167813/59668.jpg 37 113 252
herbarium/167813/59539.jpg 37 113 252
herbarium/169293/277927.jpg 37 115 255
herbarium/169293/277322.jpg 37 115 255
herbarium/169293/278165.jpg 37 115 255
herbarium/169293/278240.jpg 37 115 255
herbarium/169293/277010.jpg 37 115 255
herbarium/169479/61557.jpg 37 116 257
herbarium/169479/61532.jpg 37 116 257
herbarium/169479/61538.jpg 37 116 257
herbarium/169479/61514.jpg 37 116 257
herbarium/169479/61525.jpg 37 116 257
herbarium/170879/61937.jpg 37 120 262
herbarium/170879/62112.jpg 37 120 262
herbarium/170879/62368.jpg 37 120 262
herbarium/170879/61943.jpg 37 120 262
herbarium/170879/62210.jpg 37 120 262
herbarium/170934/62396.jpg 37 121 263
herbarium/170934/62542.jpg 37 121 263
herbarium/170934/62649.jpg 37 121 263
herbarium/170934/62669.jpg 37 121 263
herbarium/170934/62509.jpg 37 121 263
herbarium/171131/141471.jpg 37 123 266
herbarium/171131/141430.jpg 37 123 266
herbarium/171131/141451.jpg 37 123 266
herbarium/171131/141439.jpg 37 123 266
herbarium/171131/141481.jpg 37 123 266
herbarium/171727/316744.jpg 37 128 272
herbarium/171727/317010.jpg 37 128 272
herbarium/171727/316707.jpg 37 128 272
herbarium/171727/317005.jpg 37 128 272
herbarium/171727/317021.jpg 37 128 272
herbarium/173155/64288.jpg 37 129 273
herbarium/173155/64200.jpg 37 129 273
herbarium/173155/63855.jpg 37 129 273
herbarium/173155/64088.jpg 37 129 273
herbarium/173155/63835.jpg 37 129 273
herbarium/173914/123468.jpg 37 130 276
herbarium/173914/123544.jpg 37 130 276
herbarium/173914/123399.jpg 37 130 276
herbarium/173914/123242.jpg 37 130 276
herbarium/173914/123529.jpg 37 130 276
herbarium/173972/254909.jpg 37 130 277
herbarium/173972/254823.jpg 37 130 277
herbarium/173972/254598.jpg 37 130 277
herbarium/173972/254765.jpg 37 130 277
herbarium/173972/254910.jpg 37 130 277
herbarium/174017/245011.jpg 37 130 278
herbarium/174017/245144.jpg 37 130 278
herbarium/174017/245290.jpg 37 130 278
herbarium/174017/244915.jpg 37 130 278
herbarium/174017/244843.jpg 37 130 278
herbarium/174066/123904.jpg 37 130 281
herbarium/174066/123695.jpg 37 130 281
herbarium/174066/123714.jpg 37 130 281
herbarium/174066/124032.jpg 37 130 281
herbarium/174066/123907.jpg 37 130 281
herbarium/174137/253967.jpg 37 130 284
herbarium/174137/253941.jpg 37 130 284
herbarium/174137/254086.jpg 37 130 284
herbarium/174137/254039.jpg 37 130 284
herbarium/174137/254070.jpg 37 130 284
herbarium/174163/124261.jpg 37 130 287
herbarium/174163/124235.jpg 37 130 287
herbarium/174163/124097.jpg 37 130 287
herbarium/174163/124060.jpg 37 130 287
herbarium/174163/124062.jpg 37 130 287
herbarium/174213/124355.jpg 37 130 292
herbarium/174213/124369.jpg 37 130 292
herbarium/174213/124347.jpg 37 130 292
herbarium/174213/124335.jpg 37 130 292
herbarium/174213/124333.jpg 37 130 292
herbarium/174233/256581.jpg 37 130 293
herbarium/174233/256660.jpg 37 130 293
herbarium/174233/256723.jpg 37 130 293
herbarium/174233/256591.jpg 37 130 293
herbarium/174233/256642.jpg 37 130 293
herbarium/174252/124909.jpg 37 130 294
herbarium/174252/124554.jpg 37 130 294
herbarium/174252/124769.jpg 37 130 294
herbarium/174252/124496.jpg 37 130 294
herbarium/174252/124871.jpg 37 130 294
herbarium/176461/65339.jpg 37 132 297
herbarium/176461/65117.jpg 37 132 297
herbarium/176461/65476.jpg 37 132 297
herbarium/176461/65178.jpg 37 132 297
herbarium/176461/65233.jpg 37 132 297
herbarium/177730/280879.jpg 37 133 299
herbarium/177730/281013.jpg 37 133 299
herbarium/177730/280883.jpg 37 133 299
herbarium/177730/280671.jpg 37 133 299
herbarium/177730/280822.jpg 37 133 299
herbarium/177775/304387.jpg 37 133 300
herbarium/177775/304117.jpg 37 133 300
herbarium/177775/303977.jpg 37 133 300
herbarium/177775/304175.jpg 37 133 300
herbarium/177775/304302.jpg 37 133 300
herbarium/178094/310763.jpg 37 134 301
herbarium/178094/310757.jpg 37 134 301
herbarium/178094/310854.jpg 37 134 301
herbarium/178094/310817.jpg 37 134 301
herbarium/178094/310746.jpg 37 134 301
herbarium/179495/125045.jpg 37 137 307
herbarium/179495/124990.jpg 37 137 307
herbarium/179495/125040.jpg 37 137 307
herbarium/179495/125019.jpg 37 137 307
herbarium/179495/124985.jpg 37 137 307
herbarium/179512/180268.jpg 37 137 309
herbarium/179512/180257.jpg 37 137 309
herbarium/179512/180265.jpg 37 137 309
herbarium/179512/180274.jpg 37 137 309
herbarium/179512/180244.jpg 37 137 309
herbarium/180631/141749.jpg 37 142 315
herbarium/180631/141730.jpg 37 142 315
herbarium/180631/141806.jpg 37 142 315
herbarium/180631/141671.jpg 37 142 315
herbarium/180631/141850.jpg 37 142 315
herbarium/181973/65748.jpg 37 143 317
herbarium/181973/65764.jpg 37 143 317
herbarium/181973/65804.jpg 37 143 317
herbarium/181973/65745.jpg 37 143 317
herbarium/181973/65791.jpg 37 143 317
herbarium/182092/65971.jpg 37 144 318
herbarium/182092/66174.jpg 37 144 318
herbarium/182092/65829.jpg 37 144 318
herbarium/182092/66155.jpg 37 144 318
herbarium/182092/66375.jpg 37 144 318
herbarium/182140/65634.jpg 37 144 319
herbarium/182140/65506.jpg 37 144 319
herbarium/182140/65643.jpg 37 144 319
herbarium/182140/65514.jpg 37 144 319
herbarium/182140/65592.jpg 37 144 319
herbarium/182246/67214.jpg 37 144 320
herbarium/182246/66944.jpg 37 144 320
herbarium/182246/68165.jpg 37 144 320
herbarium/182246/68008.jpg 37 144 320
herbarium/182246/66516.jpg 37 144 320
herbarium/182247/68677.jpg 37 144 321
herbarium/182247/68823.jpg 37 144 321
herbarium/182247/68552.jpg 37 144 321
herbarium/182247/69153.jpg 37 144 321
herbarium/182247/69472.jpg 37 144 321
herbarium/183061/70233.jpg 37 147 325
herbarium/183061/70171.jpg 37 147 325
herbarium/183061/70080.jpg 37 147 325
herbarium/183061/70099.jpg 37 147 325
herbarium/183061/70208.jpg 37 147 325
herbarium/183194/70974.jpg 37 147 330
herbarium/183194/70875.jpg 37 147 330
herbarium/183194/70972.jpg 37 147 330
herbarium/183194/70866.jpg 37 147 330
herbarium/183194/70845.jpg 37 147 330
herbarium/183304/71291.jpg 37 148 333
herbarium/183304/71087.jpg 37 148 333
herbarium/183304/71132.jpg 37 148 333
herbarium/183304/71115.jpg 37 148 333
herbarium/183304/71279.jpg 37 148 333
herbarium/183305/252231.jpg 37 148 334
herbarium/183305/252202.jpg 37 148 334
herbarium/183305/252215.jpg 37 148 334
herbarium/183305/252236.jpg 37 148 334
herbarium/183305/252209.jpg 37 148 334
herbarium/184434/250979.jpg 37 150 337
herbarium/184434/250988.jpg 37 150 337
herbarium/184434/250982.jpg 37 150 337
herbarium/184434/250975.jpg 37 150 337
herbarium/184434/250976.jpg 37 150 337
herbarium/184849/71659.jpg 37 151 338
herbarium/184849/71548.jpg 37 151 338
herbarium/184849/71698.jpg 37 151 338
herbarium_photo_associations/184849/71598.jpg 37 151 338
herbarium/184849/71779.jpg 37 151 338
herbarium/185302/149067.jpg 39 153 341
herbarium/185302/149095.jpg 39 153 341
herbarium/185302/149261.jpg 39 153 341
herbarium/185302/148811.jpg 39 153 341
herbarium/185302/149080.jpg 39 153 341
herbarium/185321/149330.jpg 39 153 342
herbarium/185321/149512.jpg 39 153 342
herbarium/185321/149461.jpg 39 153 342
herbarium/185321/149483.jpg 39 153 342
herbarium/185321/149621.jpg 39 153 342
herbarium/185430/149832.jpg 39 153 343
herbarium/185430/150832.jpg 39 153 343
herbarium/185430/150861.jpg 39 153 343
herbarium/185430/150545.jpg 39 153 343
herbarium/185430/149646.jpg 39 153 343
herbarium/187306/266870.jpg 42 156 351
herbarium/187306/267009.jpg 42 156 351
herbarium/187306/267023.jpg 42 156 351
herbarium/187306/266931.jpg 42 156 351
herbarium/187306/266859.jpg 42 156 351
herbarium/189086/220691.jpg 45 160 356
herbarium/189086/220451.jpg 45 160 356
herbarium/189086/220633.jpg 45 160 356
herbarium/189086/220989.jpg 45 160 356
herbarium/189086/221456.jpg 45 160 356
herbarium/189532/271945.jpg 46 162 359
herbarium/189532/271878.jpg 46 162 359
herbarium/189532/271951.jpg 46 162 359
herbarium/189532/271884.jpg 46 162 359
herbarium/189532/271874.jpg 46 162 359
herbarium/189549/242140.jpg 46 163 360
herbarium/189549/242146.jpg 46 163 360
herbarium/189549/242110.jpg 46 163 360
herbarium/189549/241946.jpg 46 163 360
herbarium/189549/242089.jpg 46 163 360
herbarium/189669/305863.jpg 46 164 361
herbarium/189669/305941.jpg 46 164 361
herbarium/189669/305860.jpg 46 164 361
herbarium/189669/305768.jpg 46 164 361
herbarium/189669/305874.jpg 46 164 361
herbarium/190183/173608.jpg 47 165 362
herbarium/190183/173654.jpg 47 165 362
herbarium/190183/173637.jpg 47 165 362
herbarium/190183/173657.jpg 47 165 362
herbarium/190183/173618.jpg 47 165 362
herbarium/191373/306073.jpg 48 167 364
herbarium/191373/306080.jpg 48 167 364
herbarium/191373/306078.jpg 48 167 364
herbarium/191373/306041.jpg 48 167 364
herbarium/191373/306091.jpg 48 167 364
herbarium/191642/50251.jpg 48 168 365
herbarium/191642/50320.jpg 48 168 365
herbarium/191642/50315.jpg 48 168 365
herbarium/191642/50355.jpg 48 168 365
herbarium_photo_associations/191642/50213.jpg 48 168 365
herbarium/19165/20872.jpg 49 169 366
herbarium/19165/20961.jpg 49 169 366
herbarium/19165/21566.jpg 49 169 366
herbarium/19165/21214.jpg 49 169 366
herbarium/19165/21537.jpg 49 169 366
herbarium/192311/50689.jpg 48 173 370
herbarium/192311/50576.jpg 48 173 370
herbarium/192311/50698.jpg 48 173 370
herbarium/192311/50711.jpg 48 173 370
herbarium/192311/50629.jpg 48 173 370
herbarium/193141/282168.jpg 48 174 371
herbarium/193141/282293.jpg 48 174 371
herbarium/193141/282540.jpg 48 174 371
herbarium/193141/282434.jpg 48 174 371
herbarium/193141/282318.jpg 48 174 371
herbarium/19341/20714.jpg 49 175 372
herbarium/19341/20781.jpg 49 175 372
herbarium/19341/20624.jpg 49 175 372
herbarium/19341/20804.jpg 49 175 372
herbarium/19341/20689.jpg 49 175 372
herbarium/193927/288816.jpg 48 178 375
herbarium/193927/288886.jpg 48 178 375
herbarium/193927/288931.jpg 48 178 375
herbarium/193927/288830.jpg 48 178 375
herbarium/193927/288814.jpg 48 178 375
herbarium/194035/172852.jpg 48 178 376
herbarium/194035/172647.jpg 48 178 376
herbarium/194035/172683.jpg 48 178 376
herbarium/194035/172487.jpg 48 178 376
herbarium/194035/172639.jpg 48 178 376
herbarium/194115/235657.jpg 48 179 377
herbarium/194115/235707.jpg 48 179 377
herbarium/194115/235654.jpg 48 179 377
herbarium/194115/235683.jpg 48 179 377
herbarium/194115/235679.jpg 48 179 377
herbarium/19489/32908.jpg 49 183 381
herbarium/19489/33217.jpg 49 183 381
herbarium/19489/34045.jpg 49 183 381
herbarium/19489/33610.jpg 49 183 381
herbarium/19489/33125.jpg 49 183 381
herbarium/195201/4192.jpg 48 184 383
herbarium/195201/4231.jpg 48 184 383
herbarium/195201/4201.jpg 48 184 383
herbarium/195201/4120.jpg 48 184 383
herbarium/195201/4111.jpg 48 184 383
herbarium/195454/276326.jpg 48 185 385
herbarium/195454/275358.jpg 48 185 385
herbarium/195454/276574.jpg 48 185 385
herbarium/195454/274057.jpg 48 185 385
herbarium/195454/276400.jpg 48 185 385
herbarium/195752/269811.jpg 48 187 389
herbarium/195752/269792.jpg 48 187 389
herbarium/195752/269822.jpg 48 187 389
herbarium/195752/269574.jpg 48 187 389
herbarium/195752/269772.jpg 48 187 389
herbarium/196781/203327.jpg 51 189 393
herbarium/196781/203679.jpg 51 189 393
herbarium/196781/203473.jpg 51 189 393
herbarium/196781/203707.jpg 51 189 393
herbarium/196781/203305.jpg 51 189 393
herbarium/196866/272181.jpg 52 190 395
herbarium/196866/272183.jpg 52 190 395
herbarium/196866/272177.jpg 52 190 395
herbarium/196866/272189.jpg 52 190 395
herbarium/196866/272166.jpg 52 190 395
herbarium/196912/288748.jpg 52 191 396
herbarium/196912/288528.jpg 52 191 396
herbarium/196912/288644.jpg 52 191 396
herbarium/196912/288752.jpg 52 191 396
herbarium/196912/288712.jpg 52 191 396
herbarium/196966/316346.jpg 52 192 397
herbarium/196966/316164.jpg 52 192 397
herbarium/196966/316286.jpg 52 192 397
herbarium/196966/316380.jpg 52 192 397
herbarium/196966/316177.jpg 52 192 397
herbarium/19758/176609.jpg 49 193 398
herbarium/19758/176601.jpg 49 193 398
herbarium/19758/176610.jpg 49 193 398
herbarium/19758/176578.jpg 49 193 398
herbarium/19758/176623.jpg 49 193 398
herbarium/197755/99381.jpg 53 194 399
herbarium/197755/98995.jpg 53 194 399
herbarium/197755/99186.jpg 53 194 399
herbarium/197755/98958.jpg 53 194 399
herbarium/197755/98915.jpg 53 194 399
herbarium/197791/100455.jpg 53 195 401
herbarium/197791/100588.jpg 53 195 401
herbarium/197791/100412.jpg 53 195 401
herbarium/197791/100592.jpg 53 195 401
herbarium/197791/100606.jpg 53 195 401
herbarium/197919/101127.jpg 53 197 403
herbarium/197919/101244.jpg 53 197 403
herbarium/197919/101138.jpg 53 197 403
herbarium/197919/101288.jpg 53 197 403
herbarium/197919/100914.jpg 53 197 403
herbarium/198307/101952.jpg 53 198 405
herbarium/198307/102412.jpg 53 198 405
herbarium/198307/102461.jpg 53 198 405
herbarium/198307/102449.jpg 53 198 405
herbarium/198307/102083.jpg 53 198 405
herbarium/198363/103104.jpg 53 198 408
herbarium/198363/103073.jpg 53 198 408
herbarium/198363/103127.jpg 53 198 408
herbarium/198363/103041.jpg 53 198 408
herbarium/198363/102965.jpg 53 198 408
herbarium/19887/243628.jpg 49 204 415
herbarium/19887/243561.jpg 49 204 415
herbarium/19887/243601.jpg 49 204 415
herbarium/19887/243641.jpg 49 204 415
herbarium/19887/243592.jpg 49 204 415
herbarium/199587/106702.jpg 53 209 423
herbarium/199587/106663.jpg 53 209 423
herbarium/199587/106889.jpg 53 209 423
herbarium/199587/106494.jpg 53 209 423
herbarium/199587/106378.jpg 53 209 423
herbarium/199742/108233.jpg 53 209 428
herbarium/199742/108443.jpg 53 209 428
herbarium/199742/108444.jpg 53 209 428
herbarium/199742/108389.jpg 53 209 428
herbarium/199742/108430.jpg 53 209 428
herbarium/199744/109074.jpg 53 209 429
herbarium/199744/108629.jpg 53 209 429
herbarium/199744/109001.jpg 53 209 429
herbarium/199744/109020.jpg 53 209 429
herbarium/199744/109438.jpg 53 209 429
herbarium/199810/109575.jpg 53 209 430
herbarium/199810/109599.jpg 53 209 430
herbarium/199810/109665.jpg 53 209 430
herbarium/199810/109563.jpg 53 209 430
herbarium/199810/109670.jpg 53 209 430
herbarium/199938/109836.jpg 53 209 432
herbarium/199938/109918.jpg 53 209 432
herbarium/199938/109801.jpg 53 209 432
herbarium/199938/109967.jpg 53 209 432
herbarium/199938/110020.jpg 53 209 432
herbarium/200006/110388.jpg 53 209 433
herbarium/200006/110542.jpg 53 209 433
herbarium/200006/110567.jpg 53 209 433
herbarium/200006/110493.jpg 53 209 433
herbarium/200006/110345.jpg 53 209 433
herbarium/200075/179125.jpg 53 209 435
herbarium/200075/179134.jpg 53 209 435
herbarium/200075/179114.jpg 53 209 435
herbarium/200075/179145.jpg 53 209 435
herbarium/200075/179149.jpg 53 209 435
herbarium/200087/111434.jpg 53 209 436
herbarium/200087/111327.jpg 53 209 436
herbarium/200087/111578.jpg 53 209 436
herbarium/200087/111343.jpg 53 209 436
herbarium/200087/111495.jpg 53 209 436
herbarium/200119/111722.jpg 53 209 437
herbarium/200119/112323.jpg 53 209 437
herbarium/200119/112807.jpg 53 209 437
herbarium/200119/112414.jpg 53 209 437
herbarium/200119/111981.jpg 53 209 437
herbarium/200202/114754.jpg 53 209 438
herbarium/200202/114751.jpg 53 209 438
herbarium/200202/114696.jpg 53 209 438
herbarium/200202/114688.jpg 53 209 438
herbarium/200202/114725.jpg 53 209 438
herbarium/200204/115056.jpg 53 209 439
herbarium/200204/114942.jpg 53 209 439
herbarium/200204/115076.jpg 53 209 439
herbarium/200204/114838.jpg 53 209 439
herbarium/200204/114939.jpg 53 209 439
herbarium/200215/113191.jpg 53 209 440
herbarium/200215/114412.jpg 53 209 440
herbarium/200215/112945.jpg 53 209 440
herbarium/200215/113054.jpg 53 209 440
herbarium/200215/113549.jpg 53 209 440
herbarium/200249/116148.jpg 53 209 442
herbarium/200249/116399.jpg 53 209 442
herbarium/200249/116034.jpg 53 209 442
herbarium/200249/116335.jpg 53 209 442
herbarium/200249/116224.jpg 53 209 442
herbarium/200319/180332.jpg 53 209 443
herbarium/200319/180330.jpg 53 209 443
herbarium/200319/180325.jpg 53 209 443
herbarium/200319/180343.jpg 53 209 443
herbarium/200319/180304.jpg 53 209 443
herbarium/200320/115727.jpg 53 209 444
herbarium/200320/115201.jpg 53 209 444
herbarium/200320/115271.jpg 53 209 444
herbarium/200320/115352.jpg 53 209 444
herbarium/200320/115373.jpg 53 209 444
herbarium/200338/116750.jpg 53 209 445
herbarium/200338/116979.jpg 53 209 445
herbarium/200338/116994.jpg 53 209 445
herbarium/200338/116925.jpg 53 209 445
herbarium/200338/116765.jpg 53 209 445
herbarium/200402/178239.jpg 53 209 446
herbarium/200402/178493.jpg 53 209 446
herbarium/200402/178256.jpg 53 209 446
herbarium/200402/178476.jpg 53 209 446
herbarium/200402/178213.jpg 53 209 446
herbarium/200679/117747.jpg 53 210 451
herbarium/200679/117742.jpg 53 210 451
herbarium/200679/117770.jpg 53 210 451
herbarium/200679/117785.jpg 53 210 451
herbarium/200679/117797.jpg 53 210 451
herbarium/200692/117828.jpg 53 210 452
herbarium/200692/117913.jpg 53 210 452
herbarium/200692/117895.jpg 53 210 452
herbarium/200692/117809.jpg 53 210 452
herbarium/200692/117892.jpg 53 210 452
herbarium/200712/118295.jpg 53 211 454
herbarium/200712/118098.jpg 53 211 454
herbarium/200712/118479.jpg 53 211 454
herbarium/200712/118522.jpg 53 211 454
herbarium/200712/118312.jpg 53 211 454
herbarium/200877/118954.jpg 53 212 455
herbarium/200877/119380.jpg 53 212 455
herbarium/200877/119033.jpg 53 212 455
herbarium/200877/119496.jpg 53 212 455
herbarium/200877/118933.jpg 53 212 455
herbarium/200915/119896.jpg 53 213 456
herbarium/200915/119663.jpg 53 213 456
herbarium/200915/119789.jpg 53 213 456
herbarium/200915/120115.jpg 53 213 456
herbarium/200915/120251.jpg 53 213 456
herbarium/201073/121657.jpg 53 214 457
herbarium/201073/121704.jpg 53 214 457
herbarium/201073/121682.jpg 53 214 457
herbarium/201073/121770.jpg 53 214 457
herbarium/201073/121780.jpg 53 214 457
herbarium/201384/122721.jpg 53 216 459
herbarium/201384/122814.jpg 53 216 459
herbarium/201384/122715.jpg 53 216 459
herbarium/201384/122661.jpg 53 216 459
herbarium/201384/122622.jpg 53 216 459
herbarium/201652/122473.jpg 54 218 461
herbarium/201652/122601.jpg 54 218 461
herbarium/201652/122538.jpg 54 218 461
herbarium/201652/122532.jpg 54 218 461
herbarium/201652/122441.jpg 54 218 461
herbarium/201678/311154.jpg 54 219 462
herbarium/201678/311293.jpg 54 219 462
herbarium/201678/311410.jpg 54 219 462
herbarium/201678/311214.jpg 54 219 462
herbarium/201678/311250.jpg 54 219 462
herbarium/202049/307819.jpg 54 221 464
herbarium/202049/308030.jpg 54 221 464
herbarium/202049/307805.jpg 54 221 464
herbarium/202049/307795.jpg 54 221 464
herbarium/202049/308075.jpg 54 221 464
herbarium/202107/320549.jpg 54 222 465
herbarium/202107/320747.jpg 54 222 465
herbarium/202107/320624.jpg 54 222 465
herbarium/202107/320552.jpg 54 222 465
herbarium/202107/320652.jpg 54 222 465
herbarium/202825/200681.jpg 56 224 469
herbarium/202825/200744.jpg 56 224 469
herbarium/202825/200516.jpg 56 224 469
herbarium/202825/200612.jpg 56 224 469
herbarium/202825/200696.jpg 56 224 469
herbarium/203347/125187.jpg 57 225 470
herbarium/203347/125214.jpg 57 225 470
herbarium/203347/125253.jpg 57 225 470
herbarium/203347/125183.jpg 57 225 470
herbarium/203347/125134.jpg 57 225 470
herbarium/2041/237751.jpg 58 227 472
herbarium/2041/237830.jpg 58 227 472
herbarium/2041/237889.jpg 58 227 472
herbarium/2041/237868.jpg 58 227 472
herbarium/2041/237758.jpg 58 227 472
herbarium/204499/260170.jpg 57 229 476
herbarium/204499/260143.jpg 57 229 476
herbarium/204499/260104.jpg 57 229 476
herbarium/204499/260117.jpg 57 229 476
herbarium/204499/260137.jpg 57 229 476
herbarium/204775/261185.jpg 59 230 477
herbarium/204775/261162.jpg 59 230 477
herbarium/204775/261139.jpg 59 230 477
herbarium/204775/261187.jpg 59 230 477
herbarium/204775/261196.jpg 59 230 477
herbarium/205564/126837.jpg 60 233 482
herbarium/205564/126780.jpg 60 233 482
herbarium/205564/126831.jpg 60 233 482
herbarium/205564/126817.jpg 60 233 482
herbarium/205564/126849.jpg 60 233 482
herbarium/206694/126977.jpg 60 234 483
herbarium/206694/126965.jpg 60 234 483
herbarium/206694/126922.jpg 60 234 483
herbarium/206694/126955.jpg 60 234 483
herbarium/206694/126892.jpg 60 234 483
herbarium/206728/243300.jpg 60 234 485
herbarium/206728/243324.jpg 60 234 485
herbarium/206728/243325.jpg 60 234 485
herbarium/206728/243316.jpg 60 234 485
herbarium/206728/243328.jpg 60 234 485
herbarium/206729/240727.jpg 60 234 486
herbarium/206729/240734.jpg 60 234 486
herbarium/206729/240718.jpg 60 234 486
herbarium/206729/240715.jpg 60 234 486
herbarium/206729/240716.jpg 60 234 486
herbarium/206767/126211.jpg 60 234 487
herbarium/206767/126065.jpg 60 234 487
herbarium/206767/126388.jpg 60 234 487
herbarium/206767/126084.jpg 60 234 487
herbarium/206767/126117.jpg 60 234 487
herbarium/206874/126509.jpg 60 234 488
herbarium/206874/126722.jpg 60 234 488
herbarium/206874/126648.jpg 60 234 488
herbarium/206874/126592.jpg 60 234 488
herbarium/206874/126690.jpg 60 234 488
herbarium/207009/127500.jpg 60 234 490
herbarium/207009/127582.jpg 60 234 490
herbarium/207009/127113.jpg 60 234 490
herbarium/207009/127571.jpg 60 234 490
herbarium/207009/127532.jpg 60 234 490
herbarium/207042/241430.jpg 60 234 491
herbarium/207042/241439.jpg 60 234 491
herbarium/207042/241424.jpg 60 234 491
herbarium/207042/241395.jpg 60 234 491
herbarium/207042/241426.jpg 60 234 491
herbarium/207161/127957.jpg 60 234 493
herbarium/207161/127778.jpg 60 234 493
herbarium/207161/127952.jpg 60 234 493
herbarium/207161/128038.jpg 60 234 493
herbarium/207161/127866.jpg 60 234 493
herbarium/207375/128234.jpg 60 234 495
herbarium/207375/128231.jpg 60 234 495
herbarium/207375/128222.jpg 60 234 495
herbarium/207375/128511.jpg 60 234 495
herbarium/207375/128307.jpg 60 234 495
herbarium/207441/128693.jpg 60 234 496
herbarium/207441/128577.jpg 60 234 496
herbarium/207441/128853.jpg 60 234 496
herbarium/207441/128886.jpg 60 234 496
herbarium/207441/128881.jpg 60 234 496
herbarium/207452/130110.jpg 60 234 497
herbarium/207452/129129.jpg 60 234 497
herbarium/207452/129466.jpg 60 234 497
herbarium/207452/129083.jpg 60 234 497
herbarium/207452/129611.jpg 60 234 497
herbarium/207470/133785.jpg 60 234 498
herbarium/207470/133764.jpg 60 234 498
herbarium/207470/133760.jpg 60 234 498
herbarium/207470/133786.jpg 60 234 498
herbarium_photo_associations/207470/133739.jpg 60 234 498
herbarium/207575/243953.jpg 60 234 499
herbarium/207575/243944.jpg 60 234 499
herbarium/207575/243956.jpg 60 234 499
herbarium/207575/243952.jpg 60 234 499
herbarium/207575/243966.jpg 60 234 499
herbarium/208641/237659.jpg 60 235 501
herbarium/208641/237511.jpg 60 235 501
herbarium/208641/237401.jpg 60 235 501
herbarium/208641/237702.jpg 60 235 501
herbarium/208641/237398.jpg 60 235 501
herbarium/208673/130433.jpg 60 235 502
herbarium/208673/130348.jpg 60 235 502
herbarium/208673/130420.jpg 60 235 502
herbarium/208673/130138.jpg 60 235 502
herbarium/208673/130326.jpg 60 235 502
herbarium/208788/130678.jpg 60 235 504
herbarium/208788/131248.jpg 60 235 504
herbarium/208788/130932.jpg 60 235 504
herbarium/208788/131190.jpg 60 235 504
herbarium/208788/131462.jpg 60 235 504
herbarium/208865/131731.jpg 60 235 505
herbarium/208865/131623.jpg 60 235 505
herbarium/208865/131816.jpg 60 235 505
herbarium/208865/131811.jpg 60 235 505
herbarium/208865/131563.jpg 60 235 505
herbarium/208971/132156.jpg 60 235 508
herbarium/208971/132387.jpg 60 235 508
herbarium/208971/132905.jpg 60 235 508
herbarium/208971/132172.jpg 60 235 508
herbarium/208971/131999.jpg 60 235 508
herbarium/209006/133682.jpg 60 235 510
herbarium/209006/133713.jpg 60 235 510
herbarium/209006/133718.jpg 60 235 510
herbarium/209006/133432.jpg 60 235 510
herbarium/209006/133505.jpg 60 235 510
herbarium/209078/245543.jpg 60 236 511
herbarium/209078/245919.jpg 60 236 511
herbarium/209078/246178.jpg 60 236 511
herbarium/209078/246042.jpg 60 236 511
herbarium/209078/246289.jpg 60 236 511
herbarium/209327/134535.jpg 60 237 512
herbarium/209327/134914.jpg 60 237 512
herbarium/209327/134474.jpg 60 237 512
herbarium/209327/134194.jpg 60 237 512
herbarium/209327/134043.jpg 60 237 512
herbarium/209328/135745.jpg 60 237 513
herbarium/209328/135517.jpg 60 237 513
herbarium/209328/135609.jpg 60 237 513
herbarium/209328/135385.jpg 60 237 513
herbarium/209328/136180.jpg 60 237 513
herbarium/211059/188414.jpg 61 238 514
herbarium/211059/187273.jpg 61 238 514
herbarium/211059/187019.jpg 61 238 514
herbarium/211059/188865.jpg 61 238 514
herbarium/211059/189050.jpg 61 238 514
herbarium/211519/261826.jpg 62 239 516
herbarium/211519/261847.jpg 62 239 516
herbarium/211519/261812.jpg 62 239 516
herbarium/211519/261810.jpg 62 239 516
herbarium/211519/261828.jpg 62 239 516
herbarium/212342/272152.jpg 64 243 525
herbarium/212342/272140.jpg 64 243 525
herbarium/212342/272088.jpg 64 243 525
herbarium/212342/272122.jpg 64 243 525
herbarium/212342/272117.jpg 64 243 525
herbarium/212920/281259.jpg 65 246 530
herbarium/212920/281321.jpg 65 246 530
herbarium/212920/281138.jpg 65 246 530
herbarium/212920/281177.jpg 65 246 530
herbarium/212920/281313.jpg 65 246 530
herbarium/21329/22079.jpg 49 247 531
herbarium/21329/21959.jpg 49 247 531
herbarium/21329/22102.jpg 49 247 531
herbarium/21329/22188.jpg 49 247 531
herbarium/21329/22055.jpg 49 247 531
herbarium/213831/247208.jpg 66 248 533
herbarium/213831/246875.jpg 66 248 533
herbarium/213831/247315.jpg 66 248 533
herbarium/213831/247421.jpg 66 248 533
herbarium/213831/247163.jpg 66 248 533
herbarium/213850/247498.jpg 66 248 535
herbarium/213850/248769.jpg 66 248 535
herbarium/213850/249092.jpg 66 248 535
herbarium/213850/247640.jpg 66 248 535
herbarium/213850/248794.jpg 66 248 535
herbarium/213866/138937.jpg 66 248 537
herbarium/213866/140670.jpg 66 248 537
herbarium/213866/138986.jpg 66 248 537
herbarium/213866/137988.jpg 66 248 537
herbarium/213866/139241.jpg 66 248 537
herbarium/22256/177835.jpg 49 257 547
herbarium/22256/177746.jpg 49 257 547
herbarium/22256/177795.jpg 49 257 547
herbarium/22256/177724.jpg 49 257 547
herbarium/22256/177928.jpg 49 257 547
herbarium/22319/239441.jpg 49 257 548
herbarium/22319/239420.jpg 49 257 548
herbarium/22319/239431.jpg 49 257 548
herbarium/22319/239299.jpg 49 257 548
herbarium/22319/239356.jpg 49 257 548
herbarium/226017/140998.jpg 68 258 550
herbarium/226017/140760.jpg 68 258 550
herbarium/226017/141027.jpg 68 258 550
herbarium/226017/140987.jpg 68 258 550
herbarium/226017/140794.jpg 68 258 550
herbarium/23107/3056.jpg 49 261 553
herbarium/23107/3014.jpg 49 261 553
herbarium/23107/3275.jpg 49 261 553
herbarium/23107/3194.jpg 49 261 553
herbarium/23107/3163.jpg 49 261 553
herbarium/236883/141083.jpg 68 265 557
herbarium/236883/141080.jpg 68 265 557
herbarium/236883/141079.jpg 68 265 557
herbarium/236883/141082.jpg 68 265 557
herbarium/236883/141077.jpg 68 265 557
herbarium/237053/141317.jpg 68 265 558
herbarium/237053/141274.jpg 68 265 558
herbarium/237053/141295.jpg 68 265 558
herbarium/237053/141281.jpg 68 265 558
herbarium/237053/141403.jpg 68 265 558
herbarium/2401/6341.jpg 58 227 560
herbarium/2401/6007.jpg 58 227 560
herbarium/2401/6507.jpg 58 227 560
herbarium/2401/6174.jpg 58 227 560
herbarium/2401/5937.jpg 58 227 560
herbarium/244705/305436.jpg 69 268 562
herbarium/244705/305500.jpg 69 268 562
herbarium/244705/305693.jpg 69 268 562
herbarium/244705/305437.jpg 69 268 562
herbarium/244705/305633.jpg 69 268 562
herbarium/24557/236716.jpg 49 269 563
herbarium/24557/236707.jpg 49 269 563
herbarium/24557/236873.jpg 49 269 563
herbarium/24557/236948.jpg 49 269 563
herbarium/24557/236759.jpg 49 269 563
herbarium/248199/289843.jpg 70 270 564
herbarium/248199/289880.jpg 70 270 564
herbarium/248199/290004.jpg 70 270 564
herbarium/248199/289942.jpg 70 270 564
herbarium/248199/289954.jpg 70 270 564
herbarium/248392/145791.jpg 70 271 569
herbarium/248392/145643.jpg 70 271 569
herbarium/248392/145583.jpg 70 271 569
herbarium/248392/146101.jpg 70 271 569
herbarium/248392/145586.jpg 70 271 569
herbarium/248478/285334.jpg 71 272 570
herbarium/248478/285291.jpg 71 272 570
herbarium/248478/285190.jpg 71 272 570
herbarium/248478/285043.jpg 71 272 570
herbarium/248478/285241.jpg 71 272 570
herbarium/249436/324157.jpg 74 275 573
herbarium/249436/324148.jpg 74 275 573
herbarium/249436/324181.jpg 74 275 573
herbarium/249436/324210.jpg 74 275 573
herbarium/249436/324170.jpg 74 275 573
herbarium/251291/273677.jpg 74 276 575
herbarium/251291/273064.jpg 74 276 575
herbarium/251291/273278.jpg 74 276 575
herbarium/251291/273688.jpg 74 276 575
herbarium/251291/273799.jpg 74 276 575
herbarium/252811/303917.jpg 76 279 580
herbarium/252811/303390.jpg 76 279 580
herbarium/252811/303411.jpg 76 279 580
herbarium/252811/303753.jpg 76 279 580
herbarium/252811/303547.jpg 76 279 580
herbarium/253836/282793.jpg 76 280 583
herbarium/253836/282751.jpg 76 280 583
herbarium/253836/282651.jpg 76 280 583
herbarium/253836/282665.jpg 76 280 583
herbarium/253836/282831.jpg 76 280 583
herbarium/254000/302944.jpg 76 280 584
herbarium/254000/303045.jpg 76 280 584
herbarium/254000/303003.jpg 76 280 584
herbarium/254000/302846.jpg 76 280 584
herbarium/254000/302760.jpg 76 280 584
herbarium/254111/271581.jpg 76 280 585
herbarium/254111/271630.jpg 76 280 585
herbarium/254111/271590.jpg 76 280 585
herbarium/254111/271512.jpg 76 280 585
herbarium/254111/271572.jpg 76 280 585
herbarium/254180/233020.jpg 76 280 586
herbarium/254180/233069.jpg 76 280 586
herbarium/254180/232981.jpg 76 280 586
herbarium/254180/233083.jpg 76 280 586
herbarium/254180/233100.jpg 76 280 586
herbarium/257336/241124.jpg 78 282 588
herbarium/257336/241154.jpg 78 282 588
herbarium/257336/241167.jpg 78 282 588
herbarium/257336/241276.jpg 78 282 588
herbarium/257336/241184.jpg 78 282 588
herbarium/26327/244413.jpg 79 283 589
herbarium/26327/244376.jpg 79 283 589
herbarium/26327/244353.jpg 79 283 589
herbarium/26327/244328.jpg 79 283 589
herbarium/26327/244384.jpg 79 283 589
herbarium/26393/24234.jpg 79 283 590
herbarium/26393/24114.jpg 79 283 590
herbarium/26393/24122.jpg 79 283 590
herbarium/26393/24233.jpg 79 283 590
herbarium/26393/24163.jpg 79 283 590
herbarium/26635/24077.jpg 79 283 591
herbarium/26635/24026.jpg 79 283 591
herbarium/26635/24042.jpg 79 283 591
herbarium/26635/24087.jpg 79 283 591
herbarium/26635/24069.jpg 79 283 591
herbarium/270961/316452.jpg 81 285 593
herbarium/270961/316421.jpg 81 285 593
herbarium/270961/316592.jpg 81 285 593
herbarium/270961/316560.jpg 81 285 593
herbarium/270961/316437.jpg 81 285 593
herbarium/271764/322075.jpg 81 286 594
herbarium/271764/322805.jpg 81 286 594
herbarium/271764/322096.jpg 81 286 594
herbarium_photo_associations/271764/322636.jpg 81 286 594
herbarium/271764/322186.jpg 81 286 594
herbarium/271781/287729.jpg 81 286 595
herbarium/271781/287886.jpg 81 286 595
herbarium/271781/288019.jpg 81 286 595
herbarium/271781/287789.jpg 81 286 595
herbarium/271781/287950.jpg 81 286 595
herbarium/27221/24310.jpg 79 287 596
herbarium/27221/24375.jpg 79 287 596
herbarium/27221/24394.jpg 79 287 596
herbarium/27221/24329.jpg 79 287 596
herbarium/27221/24354.jpg 79 287 596
herbarium/273462/203845.jpg 82 288 597
herbarium/273462/204102.jpg 82 288 597
herbarium/273462/203926.jpg 82 288 597
herbarium/273462/203794.jpg 82 288 597
herbarium/273462/203894.jpg 82 288 597
herbarium/274108/204675.jpg 82 289 599
herbarium/274108/204825.jpg 82 289 599
herbarium/274108/204241.jpg 82 289 599
herbarium/274108/204738.jpg 82 289 599
herbarium/274108/204782.jpg 82 289 599
herbarium/274114/242708.jpg 82 289 600
herbarium/274114/242770.jpg 82 289 600
herbarium/274114/242889.jpg 82 289 600
herbarium/274114/242917.jpg 82 289 600
herbarium/274114/242715.jpg 82 289 600
herbarium/274118/231576.jpg 82 289 601
herbarium/274118/231523.jpg 82 289 601
herbarium/274118/231648.jpg 82 289 601
herbarium/274118/231582.jpg 82 289 601
herbarium/274118/231540.jpg 82 289 601
herbarium/274257/205626.jpg 82 290 602
herbarium/274257/206006.jpg 82 290 602
herbarium/274257/205118.jpg 82 290 602
herbarium/274257/205088.jpg 82 290 602
herbarium/274257/205525.jpg 82 290 602
herbarium/27457/24490.jpg 79 291 604
herbarium/27457/24480.jpg 79 291 604
herbarium/27457/24460.jpg 79 291 604
herbarium/27457/24517.jpg 79 291 604
herbarium/27457/24443.jpg 79 291 604
herbarium/274693/207676.jpg 82 292 605
herbarium/274693/207991.jpg 82 292 605
herbarium/274693/207952.jpg 82 292 605
herbarium/274693/207770.jpg 82 292 605
herbarium/274693/207670.jpg 82 292 605
herbarium/27492/24590.jpg 79 293 606
herbarium/27492/24614.jpg 79 293 606
herbarium/27492/24635.jpg 79 293 606
herbarium/27492/24555.jpg 79 293 606
herbarium/27492/24546.jpg 79 293 606
herbarium/275029/154705.jpg 83 294 607
herbarium/275029/155620.jpg 83 294 607
herbarium/275029/155363.jpg 83 294 607
herbarium/275029/155093.jpg 83 294 607
herbarium/275029/155140.jpg 83 294 607
herbarium/275255/312392.jpg 84 295 608
herbarium/275255/312393.jpg 84 295 608
herbarium/275255/312434.jpg 84 295 608
herbarium/275255/312402.jpg 84 295 608
herbarium/275255/312399.jpg 84 295 608
herbarium/27760/24696.jpg 79 298 612
herbarium/27760/24658.jpg 79 298 612
herbarium/27760/24674.jpg 79 298 612
herbarium/27760/24741.jpg 79 298 612
herbarium/27760/24664.jpg 79 298 612
herbarium/27803/24876.jpg 79 299 613
herbarium/27803/24914.jpg 79 299 613
herbarium/27803/24879.jpg 79 299 613
herbarium/27803/25025.jpg 79 299 613
herbarium/27803/24926.jpg 79 299 613
herbarium/279552/328390.jpg 86 301 615
herbarium/279552/328548.jpg 86 301 615
herbarium/279552/328628.jpg 86 301 615
herbarium/279552/328516.jpg 86 301 615
herbarium/279552/328347.jpg 86 301 615
herbarium/279730/206408.jpg 87 302 616
herbarium/279730/206073.jpg 87 302 616
herbarium/279730/206372.jpg 87 302 616
herbarium/279730/206867.jpg 87 302 616
herbarium/279730/206381.jpg 87 302 616
herbarium/279732/207313.jpg 87 302 617
herbarium/279732/207005.jpg 87 302 617
herbarium/279732/206898.jpg 87 302 617
herbarium/279732/206987.jpg 87 302 617
herbarium/279732/207515.jpg 87 302 617
herbarium/279848/210305.jpg 87 303 621
herbarium/279848/210645.jpg 87 303 621
herbarium/279848/210218.jpg 87 303 621
herbarium/279848/209389.jpg 87 303 621
herbarium/279848/210009.jpg 87 303 621
herbarium/279869/211557.jpg 87 303 624
herbarium/279869/212004.jpg 87 303 624
herbarium/279869/211996.jpg 87 303 624
herbarium/279869/211506.jpg 87 303 624
herbarium/279869/211627.jpg 87 303 624
herbarium/279884/213392.jpg 87 303 626
herbarium/279884/213020.jpg 87 303 626
herbarium/279884/212853.jpg 87 303 626
herbarium/279884/213362.jpg 87 303 626
herbarium/279884/213077.jpg 87 303 626
herbarium/280085/215069.jpg 87 306 632
herbarium/280085/215423.jpg 87 306 632
herbarium/280085/215613.jpg 87 306 632
herbarium/280085/214981.jpg 87 306 632
herbarium/280085/215115.jpg 87 306 632
herbarium/28014/235522.jpg 79 304 633
herbarium/28014/235527.jpg 79 304 633
herbarium/28014/235462.jpg 79 304 633
herbarium/28014/235502.jpg 79 304 633
herbarium/28014/235513.jpg 79 304 633
herbarium/28037/25385.jpg 79 304 634
herbarium/28037/25375.jpg 79 304 634
herbarium/28037/25346.jpg 79 304 634
herbarium/28037/25378.jpg 79 304 634
herbarium/28037/25317.jpg 79 304 634
herbarium/28066/25446.jpg 79 304 635
herbarium/28066/25430.jpg 79 304 635
herbarium/28066/25455.jpg 79 304 635
herbarium/28066/25408.jpg 79 304 635
herbarium/28066/25401.jpg 79 304 635
herbarium/280698/215999.jpg 87 307 636
herbarium/280698/216843.jpg 87 307 636
herbarium/280698/218426.jpg 87 307 636
herbarium/280698/218559.jpg 87 307 636
herbarium/280698/216732.jpg 87 307 636
herbarium/28131/25262.jpg 79 304 641
herbarium/28131/25217.jpg 79 304 641
herbarium/28131/25240.jpg 79 304 641
herbarium/28131/25303.jpg 79 304 641
herbarium/28131/25242.jpg 79 304 641
herbarium/28143/25592.jpg 79 304 642
herbarium/28143/25539.jpg 79 304 642
herbarium/28143/25590.jpg 79 304 642
herbarium/28143/25515.jpg 79 304 642
herbarium/28143/25554.jpg 79 304 642
herbarium/28235/25679.jpg 79 304 646
herbarium/28235/25691.jpg 79 304 646
herbarium/28235/25652.jpg 79 304 646
herbarium/28235/25735.jpg 79 304 646
herbarium/28235/25712.jpg 79 304 646
herbarium/285297/325327.jpg 90 312 649
herbarium/285297/325272.jpg 90 312 649
herbarium/285297/325326.jpg 90 312 649
herbarium/285297/325207.jpg 90 312 649
herbarium/285297/325543.jpg 90 312 649
herbarium/285398/262202.jpg 91 313 650
herbarium/285398/262640.jpg 91 313 650
herbarium/285398/262748.jpg 91 313 650
herbarium/285398/262518.jpg 91 313 650
herbarium/285398/262775.jpg 91 313 650
herbarium/28904/25893.jpg 79 314 651
herbarium/28904/25997.jpg 79 314 651
herbarium/28904/25973.jpg 79 314 651
herbarium/28904/25924.jpg 79 314 651
herbarium/28904/26043.jpg 79 314 651
herbarium/29013/26111.jpg 79 315 652
herbarium/29013/26076.jpg 79 315 652
herbarium/29013/26194.jpg 79 315 652
herbarium/29013/26114.jpg 79 315 652
herbarium/29013/26126.jpg 79 315 652
herbarium/290677/260356.jpg 92 316 653
herbarium/290677/260600.jpg 92 316 653
herbarium/290677/260570.jpg 92 316 653
herbarium/290677/260482.jpg 92 316 653
herbarium/290677/260546.jpg 92 316 653
herbarium/291840/272560.jpg 92 317 654
herbarium/291840/272480.jpg 92 317 654
herbarium/291840/272470.jpg 92 317 654
herbarium/291840/272535.jpg 92 317 654
herbarium/291840/272484.jpg 92 317 654
herbarium/294700/253096.jpg 92 324 662
herbarium/294700/253101.jpg 92 324 662
herbarium/294700/253192.jpg 92 324 662
herbarium/294700/253169.jpg 92 324 662
herbarium/294700/253038.jpg 92 324 662
herbarium/29586/146916.jpg 93 326 664
herbarium/29586/147936.jpg 93 326 664
herbarium/29586/147751.jpg 93 326 664
herbarium/29586/147384.jpg 93 326 664
herbarium/29586/147841.jpg 93 326 664
herbarium/29686/26334.jpg 93 328 666
herbarium/29686/26380.jpg 93 328 666
herbarium/29686/26832.jpg 93 328 666
herbarium/29686/26810.jpg 93 328 666
herbarium/29686/26397.jpg 93 328 666
herbarium/298670/258260.jpg 92 330 669
herbarium/298670/258286.jpg 92 330 669
herbarium/298670/258230.jpg 92 330 669
herbarium/298670/258187.jpg 92 330 669
herbarium/298670/258235.jpg 92 330 669
herbarium/301929/267175.jpg 92 333 672
herbarium/301929/267296.jpg 92 333 672
herbarium/301929/267293.jpg 92 333 672
herbarium/301929/267307.jpg 92 333 672
herbarium/301929/267159.jpg 92 333 672
herbarium/306892/321498.jpg 96 344 686
herbarium/306892/321569.jpg 96 344 686
herbarium/306892/320814.jpg 96 344 686
herbarium/306892/321100.jpg 96 344 686
herbarium/306892/321560.jpg 96 344 686
herbarium/306966/297751.jpg 96 344 689
herbarium/306966/297974.jpg 96 344 689
herbarium/306966/297831.jpg 96 344 689
herbarium/306966/297710.jpg 96 344 689
herbarium/306966/298033.jpg 96 344 689
herbarium/308130/220138.jpg 97 347 692
herbarium/308130/220073.jpg 97 347 692
herbarium/308130/220355.jpg 97 347 692
herbarium/308130/220189.jpg 97 347 692
herbarium/308130/220338.jpg 97 347 692
herbarium/309819/157456.jpg 100 351 699
herbarium/309819/157468.jpg 100 351 699
herbarium/309819/157450.jpg 100 351 699
herbarium/309819/157412.jpg 100 351 699
herbarium/309819/157467.jpg 100 351 699
herbarium/309845/243456.jpg 100 351 700
herbarium/309845/243330.jpg 100 351 700
herbarium/309845/243357.jpg 100 351 700
herbarium/309845/243420.jpg 100 351 700
herbarium/309845/243471.jpg 100 351 700
herbarium/309849/155900.jpg 100 351 701
herbarium/309849/155867.jpg 100 351 701
herbarium/309849/155765.jpg 100 351 701
herbarium/309849/155969.jpg 100 351 701
herbarium/309849/155694.jpg 100 351 701
herbarium/309983/252547.jpg 100 353 703
herbarium/309983/252430.jpg 100 353 703
herbarium/309983/252506.jpg 100 353 703
herbarium/309983/252458.jpg 100 353 703
herbarium/309983/252297.jpg 100 353 703
herbarium/310335/156059.jpg 100 355 708
herbarium/310335/156334.jpg 100 355 708
herbarium/310335/156330.jpg 100 355 708
herbarium/310335/156249.jpg 100 355 708
herbarium/310335/156160.jpg 100 355 708
herbarium/310373/243904.jpg 100 355 710
herbarium/310373/243914.jpg 100 355 710
herbarium/310373/243903.jpg 100 355 710
herbarium/310373/243901.jpg 100 355 710
herbarium/310373/243916.jpg 100 355 710
herbarium/31042/27879.jpg 99 354 711
herbarium/31042/27864.jpg 99 354 711
herbarium/31042/27737.jpg 99 354 711
herbarium/31042/27753.jpg 99 354 711
herbarium/31042/27878.jpg 99 354 711
herbarium/31061/27966.jpg 99 354 713
herbarium/31061/28048.jpg 99 354 713
herbarium/31061/28025.jpg 99 354 713
herbarium/31061/28038.jpg 99 354 713
herbarium/31061/28040.jpg 99 354 713
herbarium/310653/157517.jpg 100 357 714
herbarium/310653/157535.jpg 100 357 714
herbarium/310653/157474.jpg 100 357 714
herbarium/310653/157715.jpg 100 357 714
herbarium/310653/157525.jpg 100 357 714
herbarium/31082/28755.jpg 99 354 719
herbarium/31082/28629.jpg 99 354 719
herbarium/31082/28756.jpg 99 354 719
herbarium/31082/28432.jpg 99 354 719
herbarium/31082/28718.jpg 99 354 719
herbarium/310829/157929.jpg 100 358 720
herbarium/310829/158020.jpg 100 358 720
herbarium/310829/158013.jpg 100 358 720
herbarium/310829/157983.jpg 100 358 720
herbarium/310829/158005.jpg 100 358 720
herbarium/310933/180198.jpg 100 359 722
herbarium/310933/180192.jpg 100 359 722
herbarium/310933/180220.jpg 100 359 722
herbarium/310933/180222.jpg 100 359 722
herbarium/310933/180154.jpg 100 359 722
herbarium/311053/158430.jpg 100 361 724
herbarium/311053/158522.jpg 100 361 724
herbarium/311053/158397.jpg 100 361 724
herbarium/311053/158530.jpg 100 361 724
herbarium/311053/158432.jpg 100 361 724
herbarium/311160/323765.jpg 101 362 726
herbarium/311160/323629.jpg 101 362 726
herbarium/311160/323912.jpg 101 362 726
herbarium/311160/324082.jpg 101 362 726
herbarium/311160/323877.jpg 101 362 726
herbarium/313517/223646.jpg 102 369 752
herbarium/313517/224236.jpg 102 369 752
herbarium/313517/223697.jpg 102 369 752
herbarium/313517/224332.jpg 102 369 752
herbarium/313517/224295.jpg 102 369 752
herbarium/313568/48372.jpg 103 370 753
herbarium/313568/48268.jpg 103 370 753
herbarium/313568/48277.jpg 103 370 753
herbarium/313568/48289.jpg 103 370 753
herbarium/313568/48250.jpg 103 370 753
herbarium/315651/225855.jpg 104 371 759
herbarium/315651/225937.jpg 104 371 759
herbarium/315651/226004.jpg 104 371 759
herbarium/315651/225691.jpg 104 371 759
herbarium/315651/225874.jpg 104 371 759
herbarium/315877/298583.jpg 106 374 765
herbarium/315877/298805.jpg 106 374 765
herbarium/315877/298825.jpg 106 374 765
herbarium/315877/298784.jpg 106 374 765
herbarium/315877/298883.jpg 106 374 765
herbarium/317044/169947.jpg 108 378 770
herbarium/317044/169887.jpg 108 378 770
herbarium/317044/169835.jpg 108 378 770
herbarium/317044/169843.jpg 108 378 770
herbarium/317044/169972.jpg 108 378 770
herbarium/317444/160880.jpg 108 379 771
herbarium/317444/160732.jpg 108 379 771
herbarium/317444/159697.jpg 108 379 771
herbarium/317444/161444.jpg 108 379 771
herbarium/317444/159644.jpg 108 379 771
herbarium/317531/162663.jpg 108 379 772
herbarium/317531/162083.jpg 108 379 772
herbarium/317531/162334.jpg 108 379 772
herbarium/317531/163347.jpg 108 379 772
herbarium/317531/162750.jpg 108 379 772
herbarium/317765/166412.jpg 108 382 775
herbarium/317765/165648.jpg 108 382 775
herbarium/317765/165992.jpg 108 382 775
herbarium/317765/168560.jpg 108 382 775
herbarium/317765/166486.jpg 108 382 775
herbarium/317986/168873.jpg 108 382 777
herbarium/317986/168905.jpg 108 382 777
herbarium/317986/168802.jpg 108 382 777
herbarium/317986/169133.jpg 108 382 777
herbarium/317986/169025.jpg 108 382 777
herbarium/318110/233136.jpg 108 382 778
herbarium/318110/233145.jpg 108 382 778
herbarium/318110/233133.jpg 108 382 778
herbarium/318110/233112.jpg 108 382 778
herbarium/318110/233147.jpg 108 382 778
herbarium/318253/142375.jpg 108 382 779
herbarium/318253/142449.jpg 108 382 779
herbarium/318253/142088.jpg 108 382 779
herbarium/318253/142472.jpg 108 382 779
herbarium/318253/142083.jpg 108 382 779
herbarium/318639/142542.jpg 108 382 781
herbarium/318639/142969.jpg 108 382 781
herbarium/318639/142763.jpg 108 382 781
herbarium/318639/142963.jpg 108 382 781
herbarium/318639/142933.jpg 108 382 781
herbarium/318675/143712.jpg 108 382 782
herbarium/318675/143521.jpg 108 382 782
herbarium/318675/143401.jpg 108 382 782
herbarium/318675/143714.jpg 108 382 782
herbarium/318675/143142.jpg 108 382 782
herbarium/318807/143980.jpg 108 382 784
herbarium/318807/144384.jpg 108 382 784
herbarium/318807/144920.jpg 108 382 784
herbarium/318807/144400.jpg 108 382 784
herbarium/318807/145011.jpg 108 382 784
herbarium/318869/179326.jpg 108 382 785
herbarium/318869/179229.jpg 108 382 785
herbarium/318869/179260.jpg 108 382 785
herbarium/318869/179348.jpg 108 382 785
herbarium/318869/179166.jpg 108 382 785
herbarium/319098/263664.jpg 109 383 786
herbarium/319098/263602.jpg 109 383 786
herbarium/319098/263756.jpg 109 383 786
herbarium/319098/263774.jpg 109 383 786
herbarium/319098/263674.jpg 109 383 786
herbarium/320118/194617.jpg 111 385 789
herbarium/320118/194485.jpg 111 385 789
herbarium/320118/194672.jpg 111 385 789
herbarium/320118/194730.jpg 111 385 789
herbarium/320118/194494.jpg 111 385 789
herbarium/32035/29672.jpg 99 387 792
herbarium/32035/29736.jpg 99 387 792
herbarium/32035/29690.jpg 99 387 792
herbarium/32035/29793.jpg 99 387 792
herbarium/32035/29786.jpg 99 387 792
herbarium/32037/29897.jpg 99 387 793
herbarium/32037/30045.jpg 99 387 793
herbarium/32037/29832.jpg 99 387 793
herbarium/32037/29972.jpg 99 387 793
herbarium/32037/29857.jpg 99 387 793
herbarium/32248/30396.jpg 99 389 798
herbarium/32248/30472.jpg 99 389 798
herbarium/32248/30459.jpg 99 389 798
herbarium/32248/30306.jpg 99 389 798
herbarium/32248/30534.jpg 99 389 798
herbarium/32272/29630.jpg 99 390 800
herbarium/32272/29485.jpg 99 390 800
herbarium/32272/29598.jpg 99 390 800
herbarium/32272/29639.jpg 99 390 800
herbarium/32272/29604.jpg 99 390 800
herbarium/323153/73346.jpg 114 392 803
herbarium/323153/73339.jpg 114 392 803
herbarium/323153/73328.jpg 114 392 803
herbarium/323153/73318.jpg 114 392 803
herbarium/323153/73364.jpg 114 392 803
herbarium/32433/31285.jpg 99 395 808
herbarium/32433/31135.jpg 99 395 808
herbarium/32433/31176.jpg 99 395 808
herbarium/32433/31307.jpg 99 395 808
herbarium/32433/31550.jpg 99 395 808
herbarium/324344/169327.jpg 114 396 811
herbarium/324344/169282.jpg 114 396 811
herbarium/324344/169283.jpg 114 396 811
herbarium/324344/169422.jpg 114 396 811
herbarium/324344/169362.jpg 114 396 811
herbarium/324356/179096.jpg 114 396 813
herbarium/324356/179087.jpg 114 396 813
herbarium/324356/179004.jpg 114 396 813
herbarium/324356/179007.jpg 114 396 813
herbarium/324356/179028.jpg 114 396 813
herbarium/325055/280319.jpg 115 397 814
herbarium/325055/280502.jpg 115 397 814
herbarium/325055/280465.jpg 115 397 814
herbarium/325055/280413.jpg 115 397 814
herbarium/325055/280441.jpg 115 397 814
herbarium/325220/151291.jpg 115 398 815
herbarium/325220/151328.jpg 115 398 815
herbarium/325220/151502.jpg 115 398 815
herbarium/325220/151026.jpg 115 398 815
herbarium/325220/151298.jpg 115 398 815
herbarium/325552/323588.jpg 115 399 816
herbarium/325552/323544.jpg 115 399 816
herbarium/325552/323574.jpg 115 399 816
herbarium/325552/323569.jpg 115 399 816
herbarium/325552/323529.jpg 115 399 816
herbarium/325562/152411.jpg 115 399 817
herbarium/325562/152296.jpg 115 399 817
herbarium/325562/152344.jpg 115 399 817
herbarium/325562/152531.jpg 115 399 817
herbarium/325562/152199.jpg 115 399 817
herbarium/325648/319251.jpg 115 401 819
herbarium/325648/318867.jpg 115 401 819
herbarium/325648/318826.jpg 115 401 819
herbarium/325648/319223.jpg 115 401 819
herbarium/325648/318957.jpg 115 401 819
herbarium/325681/153146.jpg 115 401 820
herbarium/325681/152893.jpg 115 401 820
herbarium/325681/153494.jpg 115 401 820
herbarium/325681/153090.jpg 115 401 820
herbarium/325681/153571.jpg 115 401 820
herbarium/326115/258080.jpg 116 403 824
herbarium/326115/258019.jpg 116 403 824
herbarium/326115/258105.jpg 116 403 824
herbarium/326115/257914.jpg 116 403 824
herbarium/326115/257977.jpg 116 403 824
herbarium/330070/153968.jpg 118 406 828
herbarium/330070/153972.jpg 118 406 828
herbarium/330070/153948.jpg 118 406 828
herbarium/330070/153971.jpg 118 406 828
herbarium/330070/153949.jpg 118 406 828
herbarium/330590/284501.jpg 118 407 829
herbarium/330590/284392.jpg 118 407 829
herbarium/330590/284456.jpg 118 407 829
herbarium_photo_associations/330590/284307.jpg 118 407 829
herbarium/330590/284506.jpg 118 407 829
herbarium/330705/290959.jpg 118 408 830
herbarium/330705/290922.jpg 118 408 830
herbarium/330705/290952.jpg 118 408 830
herbarium/330705/290954.jpg 118 408 830
herbarium/330705/290913.jpg 118 408 830
herbarium/33309/174908.jpg 99 410 833
herbarium/33309/174497.jpg 99 410 833
herbarium/33309/174301.jpg 99 410 833
herbarium/33309/174316.jpg 99 410 833
herbarium/33309/174874.jpg 99 410 833
herbarium/33693/235613.jpg 119 412 835
herbarium/33693/235639.jpg 119 412 835
herbarium/33693/235631.jpg 119 412 835
herbarium/33693/235586.jpg 119 412 835
herbarium/33693/235610.jpg 119 412 835
herbarium/3491/173254.jpg 58 413 837
herbarium/3491/173150.jpg 58 413 837
herbarium/3491/173281.jpg 58 413 837
herbarium/3491/173192.jpg 58 413 837
herbarium/3491/173117.jpg 58 413 837
herbarium/373/5625.jpg 58 415 839
herbarium/373/5747.jpg 58 415 839
herbarium/373/5054.jpg 58 415 839
herbarium/373/5387.jpg 58 415 839
herbarium/373/5336.jpg 58 415 839
herbarium/37545/182191.jpg 120 414 843
herbarium/37545/182688.jpg 120 414 843
herbarium/37545/181948.jpg 120 414 843
herbarium/37545/182009.jpg 120 414 843
herbarium/37545/183031.jpg 120 414 843
herbarium/38272/193358.jpg 121 416 846
herbarium/38272/193294.jpg 121 416 846
herbarium/38272/193201.jpg 121 416 846
herbarium/38272/193405.jpg 121 416 846
herbarium/38272/193398.jpg 121 416 846
herbarium/39604/46840.jpg 123 418 848
herbarium/39604/46707.jpg 123 418 848
herbarium/39604/46607.jpg 123 418 848
herbarium/39604/46735.jpg 123 418 848
herbarium/39604/46875.jpg 123 418 848
herbarium/41913/279115.jpg 124 421 854
herbarium/41913/279730.jpg 124 421 854
herbarium/41913/279611.jpg 124 421 854
herbarium/41913/279144.jpg 124 421 854
herbarium/41913/279607.jpg 124 421 854
herbarium/41921/305069.jpg 124 421 855
herbarium/41921/305159.jpg 124 421 855
herbarium/41921/305073.jpg 124 421 855
herbarium/41921/305219.jpg 124 421 855
herbarium/41921/305131.jpg 124 421 855
herbarium/41941/46986.jpg 124 422 856
herbarium/41941/47015.jpg 124 422 856
herbarium/41941/46906.jpg 124 422 856
herbarium/41941/47019.jpg 124 422 856
herbarium/41941/46905.jpg 124 422 856
herbarium/41992/47114.jpg 124 423 857
herbarium/41992/47389.jpg 124 423 857
herbarium/41992/47428.jpg 124 423 857
herbarium/41992/47258.jpg 124 423 857
herbarium/41992/47080.jpg 124 423 857
herbarium/42003/290267.jpg 124 424 858
herbarium/42003/290242.jpg 124 424 858
herbarium/42003/290281.jpg 124 424 858
herbarium/42003/290263.jpg 124 424 858
herbarium/42003/290287.jpg 124 424 858
herbarium/42046/286672.jpg 124 425 859
herbarium/42046/286724.jpg 124 425 859
herbarium/42046/286398.jpg 124 425 859
herbarium/42046/286477.jpg 124 425 859
herbarium/42046/286441.jpg 124 425 859
herbarium/42087/278927.jpg 124 426 860
herbarium/42087/278997.jpg 124 426 860
herbarium/42087/279000.jpg 124 426 860
herbarium/42087/278953.jpg 124 426 860
herbarium/42087/278931.jpg 124 426 860
herbarium_photo_associations/42258/48074.jpg 124 429 864
herbarium/42258/48110.jpg 124 429 864
herbarium/42258/48125.jpg 124 429 864
herbarium/42258/48115.jpg 124 429 864
herbarium/42258/48077.jpg 124 429 864
herbarium/42264/3836.jpg 124 430 865
herbarium/42264/3861.jpg 124 430 865
herbarium/42264/3909.jpg 124 430 865
herbarium/42264/3925.jpg 124 430 865
herbarium/42264/3849.jpg 124 430 865
herbarium/42278/48047.jpg 124 431 866
herbarium/42278/48035.jpg 124 431 866
herbarium/42278/48002.jpg 124 431 866
herbarium/42278/48068.jpg 124 431 866
herbarium/42278/48004.jpg 124 431 866
herbarium/42532/48566.jpg 124 432 868
herbarium/42532/48520.jpg 124 432 868
herbarium/42532/48510.jpg 124 432 868
herbarium/42532/48468.jpg 124 432 868
herbarium/42532/48532.jpg 124 432 868
herbarium/42586/301251.jpg 124 433 869
herbarium/42586/301240.jpg 124 433 869
herbarium/42586/301296.jpg 124 433 869
herbarium/42586/301380.jpg 124 433 869
herbarium/42586/301504.jpg 124 433 869
herbarium/42594/243755.jpg 124 434 870
herbarium/42594/243730.jpg 124 434 870
herbarium/42594/243724.jpg 124 434 870
herbarium/42594/243785.jpg 124 434 870
herbarium/42594/243830.jpg 124 434 870
herbarium/42649/49926.jpg 125 435 871
herbarium/42649/48912.jpg 125 435 871
herbarium/42649/49459.jpg 125 435 871
herbarium/42649/49929.jpg 125 435 871
herbarium/42649/48789.jpg 125 435 871
herbarium/42658/50162.jpg 125 436 872
herbarium/42658/50024.jpg 125 436 872
herbarium/42658/50053.jpg 125 436 872
herbarium/42658/50048.jpg 125 436 872
herbarium/42658/50158.jpg 125 436 872
herbarium/42799/183948.jpg 126 437 873
herbarium/42799/183983.jpg 126 437 873
herbarium/42799/183543.jpg 126 437 873
herbarium/42799/183838.jpg 126 437 873
herbarium/42799/183893.jpg 126 437 873
herbarium/4283/268580.jpg 127 438 874
herbarium/4283/268619.jpg 127 438 874
herbarium/4283/268761.jpg 127 438 874
herbarium/4283/268546.jpg 127 438 874
herbarium/4283/268766.jpg 127 438 874
herbarium/4291/330267.jpg 127 439 875
herbarium/4291/330141.jpg 127 439 875
herbarium/4291/330347.jpg 127 439 875
herbarium/4291/330369.jpg 127 439 875
herbarium/4291/330247.jpg 127 439 875
herbarium/43548/51450.jpg 128 440 876
herbarium/43548/51611.jpg 128 440 876
herbarium/43548/51738.jpg 128 440 876
herbarium/43548/51734.jpg 128 440 876
herbarium/43548/51311.jpg 128 440 876
herbarium/50420/52080.jpg 129 441 878
herbarium/50420/52007.jpg 129 441 878
herbarium/50420/52003.jpg 129 441 878
herbarium/50420/52078.jpg 129 441 878
herbarium/50420/52095.jpg 129 441 878
herbarium/50551/52189.jpg 129 442 879
herbarium/50551/52229.jpg 129 442 879
herbarium/50551/52221.jpg 129 442 879
herbarium/50551/52183.jpg 129 442 879
herbarium/50551/52127.jpg 129 442 879
herbarium/51237/52473.jpg 129 444 881
herbarium/51237/52569.jpg 129 444 881
herbarium/51237/52562.jpg 129 444 881
herbarium/51237/52337.jpg 129 444 881
herbarium/51237/52518.jpg 129 444 881
herbarium/52657/52753.jpg 129 445 882
herbarium/52657/52835.jpg 129 445 882
herbarium/52657/52907.jpg 129 445 882
herbarium/52657/52905.jpg 129 445 882
herbarium/52657/52799.jpg 129 445 882
herbarium/54525/53633.jpg 131 447 886
herbarium/54525/53701.jpg 131 447 886
herbarium/54525/53884.jpg 131 447 886
herbarium/54525/53841.jpg 131 447 886
herbarium/54525/53818.jpg 131 447 886
herbarium/54543/54949.jpg 131 447 887
herbarium/54543/55450.jpg 131 447 887
herbarium/54543/55430.jpg 131 447 887
herbarium/54543/55309.jpg 131 447 887
herbarium/54543/54831.jpg 131 447 887
herbarium/54580/173555.jpg 131 447 889
herbarium/54580/173568.jpg 131 447 889
herbarium/54580/173566.jpg 131 447 889
herbarium/54580/173546.jpg 131 447 889
herbarium/54580/173547.jpg 131 447 889
herbarium/54590/54205.jpg 131 447 890
herbarium/54590/54164.jpg 131 447 890
herbarium/54590/54238.jpg 131 447 890
herbarium/54590/54059.jpg 131 447 890
herbarium/54590/54150.jpg 131 447 890
herbarium/54595/179498.jpg 131 447 892
herbarium/54595/179445.jpg 131 447 892
herbarium/54595/179426.jpg 131 447 892
herbarium/54595/179362.jpg 131 447 892
herbarium/54595/179505.jpg 131 447 892
herbarium/54597/56626.jpg 131 447 893
herbarium/54597/56459.jpg 131 447 893
herbarium/54597/56304.jpg 131 447 893
herbarium/54597/56411.jpg 131 447 893
herbarium/54597/56231.jpg 131 447 893
herbarium/54615/56853.jpg 131 448 895
herbarium/54615/57090.jpg 131 448 895
herbarium/54615/57049.jpg 131 448 895
herbarium/54615/56807.jpg 131 448 895
herbarium/54615/57164.jpg 131 448 895
herbarium/55477/57502.jpg 133 450 897
herbarium/55477/57462.jpg 133 450 897
herbarium/55477/57463.jpg 133 450 897
herbarium/55477/57516.jpg 133 450 897
herbarium/55477/57386.jpg 133 450 897
herbarium/56868/177262.jpg 133 451 898
herbarium/56868/176677.jpg 133 451 898
herbarium/56868/176745.jpg 133 451 898
herbarium/56868/177319.jpg 133 451 898
herbarium/56868/177224.jpg 133 451 898
herbarium/57485/80182.jpg 134 452 899
herbarium/57485/80158.jpg 134 452 899
herbarium/57485/80155.jpg 134 452 899
herbarium/57485/80003.jpg 134 452 899
herbarium/57485/80124.jpg 134 452 899
herbarium/58398/96316.jpg 135 455 902
herbarium/58398/96727.jpg 135 455 902
herbarium/58398/96725.jpg 135 455 902
herbarium/58398/96453.jpg 135 455 902
herbarium/58398/95975.jpg 135 455 902
herbarium/60320/4428.jpg 138 458 905
herbarium/60320/4418.jpg 138 458 905
herbarium/60320/4979.jpg 138 458 905
herbarium/60320/4393.jpg 138 458 905
herbarium/60320/4288.jpg 138 458 905
herbarium/60646/72079.jpg 139 459 906
herbarium/60646/72244.jpg 139 459 906
herbarium/60646/72217.jpg 139 459 906
herbarium/60646/72258.jpg 139 459 906
herbarium/60646/72240.jpg 139 459 906
herbarium/60659/251289.jpg 139 460 907
herbarium/60659/251290.jpg 139 460 907
herbarium/60659/251288.jpg 139 460 907
herbarium/60659/251307.jpg 139 460 907
herbarium/60659/251319.jpg 139 460 907
herbarium/61750/88511.jpg 140 461 908
herbarium/61750/88479.jpg 140 461 908
herbarium/61750/88482.jpg 140 461 908
herbarium/61750/88488.jpg 140 461 908
herbarium/61750/88477.jpg 140 461 908
herbarium/61792/170104.jpg 141 462 909
herbarium/61792/170407.jpg 141 462 909
herbarium/61792/170187.jpg 141 462 909
herbarium/61792/170677.jpg 141 462 909
herbarium/61792/170662.jpg 141 462 909
herbarium/61862/72868.jpg 142 463 911
herbarium/61862/72822.jpg 142 463 911
herbarium/61862/72742.jpg 142 463 911
herbarium/61862/72786.jpg 142 463 911
herbarium/61862/72814.jpg 142 463 911
herbarium/61864/169203.jpg 142 463 912
herbarium/61864/169223.jpg 142 463 912
herbarium/61864/169219.jpg 142 463 912
herbarium/61864/169222.jpg 142 463 912
herbarium/61864/169199.jpg 142 463 912
herbarium/61866/73224.jpg 142 463 913
herbarium/61866/73170.jpg 142 463 913
herbarium/61866/73192.jpg 142 463 913
herbarium/61866/73071.jpg 142 463 913
herbarium/61866/73141.jpg 142 463 913
herbarium/65910/251380.jpg 144 467 917
herbarium/65910/251382.jpg 144 467 917
herbarium/65910/251366.jpg 144 467 917
herbarium/65910/251378.jpg 144 467 917
herbarium/65910/251384.jpg 144 467 917
herbarium/65949/243522.jpg 144 469 921
herbarium/65949/243523.jpg 144 469 921
herbarium/65949/243503.jpg 144 469 921
herbarium/65949/243518.jpg 144 469 921
herbarium/65949/243501.jpg 144 469 921
herbarium/66033/177488.jpg 144 470 925
herbarium/66033/177465.jpg 144 470 925
herbarium/66033/177436.jpg 144 470 925
herbarium/66033/177511.jpg 144 470 925
herbarium/66033/177432.jpg 144 470 925
herbarium/66070/177551.jpg 144 471 927
herbarium/66070/177538.jpg 144 471 927
herbarium/66070/177560.jpg 144 471 927
herbarium/66070/177535.jpg 144 471 927
herbarium/66070/177554.jpg 144 471 927
herbarium/66108/176484.jpg 144 471 930
herbarium/66108/176487.jpg 144 471 930
herbarium/66108/176493.jpg 144 471 930
herbarium_photo_associations/66108/176489.jpg 144 471 930
herbarium/66108/176495.jpg 144 471 930
herbarium/66121/77035.jpg 144 471 932
herbarium/66121/76972.jpg 144 471 932
herbarium/66121/77006.jpg 144 471 932
herbarium/66121/77099.jpg 144 471 932
herbarium/66121/77051.jpg 144 471 932
herbarium/66126/76834.jpg 144 471 933
herbarium/66126/76497.jpg 144 471 933
herbarium/66126/76519.jpg 144 471 933
herbarium/66126/76926.jpg 144 471 933
herbarium/66126/76572.jpg 144 471 933
herbarium/66173/77353.jpg 144 472 936
herbarium/66173/77336.jpg 144 472 936
herbarium/66173/77335.jpg 144 472 936
herbarium/66173/77355.jpg 144 472 936
herbarium/66173/77343.jpg 144 472 936
herbarium/66286/78325.jpg 144 472 943
herbarium/66286/78375.jpg 144 472 943
herbarium/66286/78298.jpg 144 472 943
herbarium/66286/78274.jpg 144 472 943
herbarium/66286/78305.jpg 144 472 943
herbarium/66306/78682.jpg 144 472 946
herbarium/66306/78652.jpg 144 472 946
herbarium/66306/78686.jpg 144 472 946
herbarium/66306/78712.jpg 144 472 946
herbarium/66306/78687.jpg 144 472 946
herbarium/66436/79324.jpg 144 473 949
herbarium/66436/79291.jpg 144 473 949
herbarium/66436/79416.jpg 144 473 949
herbarium/66436/79111.jpg 144 473 949
herbarium/66436/79363.jpg 144 473 949
herbarium/67084/79876.jpg 146 475 951
herbarium/67084/79881.jpg 146 475 951
herbarium/67084/79761.jpg 146 475 951
herbarium/67084/79808.jpg 146 475 951
herbarium/67084/79692.jpg 146 475 951
herbarium/67371/242342.jpg 146 476 952
herbarium/67371/242439.jpg 146 476 952
herbarium/67371/242427.jpg 146 476 952
herbarium/67371/242252.jpg 146 476 952
herbarium/67371/242324.jpg 146 476 952
herbarium/67386/80413.jpg 146 476 954
herbarium/67386/80223.jpg 146 476 954
herbarium/67386/80359.jpg 146 476 954
herbarium/67386/80222.jpg 146 476 954
herbarium/67386/80321.jpg 146 476 954
herbarium/67784/241492.jpg 146 477 960
herbarium/67784/241541.jpg 146 477 960
herbarium/67784/241473.jpg 146 477 960
herbarium/67784/241456.jpg 146 477 960
herbarium/67784/241476.jpg 146 477 960
herbarium/67786/251806.jpg 146 477 961
herbarium/67786/251692.jpg 146 477 961
herbarium/67786/251740.jpg 146 477 961
herbarium/67786/251725.jpg 146 477 961
herbarium/67786/251722.jpg 146 477 961
herbarium/68035/81806.jpg 146 480 964
herbarium/68035/81905.jpg 146 480 964
herbarium/68035/81866.jpg 146 480 964
herbarium/68035/81864.jpg 146 480 964
herbarium/68035/81677.jpg 146 480 964
herbarium/68084/239029.jpg 146 481 965
herbarium/68084/239027.jpg 146 481 965
herbarium/68084/239018.jpg 146 481 965
herbarium/68084/239011.jpg 146 481 965
herbarium/68084/239021.jpg 146 481 965
herbarium/6834/6958.jpg 147 482 968
herbarium/6834/7148.jpg 147 482 968
herbarium/6834/7546.jpg 147 482 968
herbarium/6834/7927.jpg 147 482 968
herbarium/6834/7100.jpg 147 482 968
herbarium/68607/306190.jpg 148 483 969
herbarium/68607/306158.jpg 148 483 969
herbarium/68607/306321.jpg 148 483 969
herbarium/68607/306161.jpg 148 483 969
herbarium/68607/306194.jpg 148 483 969
herbarium/68717/290456.jpg 148 483 970
herbarium/68717/290735.jpg 148 483 970
herbarium/68717/290490.jpg 148 483 970
herbarium/68717/290484.jpg 148 483 970
herbarium/68717/290665.jpg 148 483 970
herbarium/69125/84489.jpg 149 486 973
herbarium/69125/84440.jpg 149 486 973
herbarium/69125/83354.jpg 149 486 973
herbarium/69125/83584.jpg 149 486 973
herbarium/69125/83068.jpg 149 486 973
herbarium/69226/176556.jpg 149 486 974
herbarium/69226/176566.jpg 149 486 974
herbarium/69226/176509.jpg 149 486 974
herbarium/69226/176535.jpg 149 486 974
herbarium/69226/176562.jpg 149 486 974
herbarium/69344/85354.jpg 149 487 975
herbarium/69344/85342.jpg 149 487 975
herbarium/69344/85446.jpg 149 487 975
herbarium/69344/85182.jpg 149 487 975
herbarium/69344/85138.jpg 149 487 975
herbarium/7660/232715.jpg 150 492 980
herbarium/7660/232516.jpg 150 492 980
herbarium/7660/232478.jpg 150 492 980
herbarium/7660/232548.jpg 150 492 980
herbarium/7660/232531.jpg 150 492 980
herbarium/77596/37673.jpg 0 494 982
herbarium/77596/37352.jpg 0 494 982
herbarium/77596/37852.jpg 0 494 982
herbarium/77596/37401.jpg 0 494 982
herbarium/77596/37561.jpg 0 494 982
herbarium/79435/238524.jpg 0 495 984
herbarium/79435/238497.jpg 0 495 984
herbarium/79435/238136.jpg 0 495 984
herbarium/79435/238318.jpg 0 495 984
herbarium/79435/238483.jpg 0 495 984
herbarium/80596/234329.jpg 0 496 985
herbarium/80596/233261.jpg 0 496 985
herbarium/80596/234703.jpg 0 496 985
herbarium/80596/233375.jpg 0 496 985
herbarium/80596/233149.jpg 0 496 985
herbarium/80672/39775.jpg 0 497 986
herbarium/80672/38624.jpg 0 497 986
herbarium/80672/39410.jpg 0 497 986
herbarium/80672/39080.jpg 0 497 986
herbarium/80672/38926.jpg 0 497 986
herbarium/80735/39938.jpg 0 498 987
herbarium/80735/40508.jpg 0 498 987
herbarium/80735/39999.jpg 0 498 987
herbarium/80735/40162.jpg 0 498 987
herbarium/80735/40501.jpg 0 498 987
herbarium/80894/41908.jpg 0 499 988
herbarium/80894/41804.jpg 0 499 988
herbarium/80894/41380.jpg 0 499 988
herbarium/80894/41668.jpg 0 499 988
herbarium/80894/41417.jpg 0 499 988
herbarium/8656/6820.jpg 150 500 989
herbarium/8656/6832.jpg 150 500 989
herbarium/8656/6815.jpg 150 500 989
herbarium/8656/6862.jpg 150 500 989
herbarium/8656/6911.jpg 150 500 989
herbarium/90626/42565.jpg 0 502 991
herbarium/90626/43621.jpg 0 502 991
herbarium/90626/43508.jpg 0 502 991
herbarium/90626/42631.jpg 0 502 991
herbarium/90626/43571.jpg 0 502 991
herbarium/99040/44598.jpg 0 506 995
herbarium/99040/44284.jpg 0 506 995
herbarium/99040/44324.jpg 0 506 995
herbarium/99040/44590.jpg 0 506 995
herbarium/99040/44224.jpg 0 506 995
herbarium/99232/45137.jpg 0 507 996
herbarium/99232/45551.jpg 0 507 996
herbarium/99232/45615.jpg 0 507 996
herbarium/99232/45537.jpg 0 507 996
herbarium/99232/44682.jpg 0 507 996
