photo/105951/1745.jpg 2 3 3
photo/105951/1746.jpg 2 3 3
photo/105951/283103.jpg 2 3 3
photo/106023/302708.jpg 2 4 5
photo/106023/302704.jpg 2 4 5
photo/106023/302202.jpg 2 4 5
photo/106023/302199.jpg 2 4 5
herbarium_photo_associations/106023/302455.jpg 2 4 5
photo/106387/153932.jpg 3 5 6
photo/106387/153933.jpg 3 5 6
photo/106387/153935.jpg 3 5 6
photo/106387/617.jpg 3 5 6
photo/106413/622.jpg 3 5 8
photo/106413/620.jpg 3 5 8
photo/106413/621.jpg 3 5 8
photo/106413/623.jpg 3 5 8
photo/106413/232395.jpg 3 5 8
photo/106461/154130.jpg 3 5 9
photo/106461/154113.jpg 3 5 9
photo/106461/154340.jpg 3 5 9
photo/106461/154336.jpg 3 5 9
photo/106461/624.jpg 3 5 9
photo/106466/633.jpg 3 5 10
photo/106466/632.jpg 3 5 10
photo/106466/169186.jpg 3 5 10
photo/106466/169191.jpg 3 5 10
photo/106466/169188.jpg 3 5 10
photo/110432/293568.jpg 7 10 17
photo/110432/293566.jpg 7 10 17
photo/110432/1010.jpg 7 10 17
photo/110432/293569.jpg 7 10 17
photo/110432/293570.jpg 7 10 17
photo/116853/190962.jpg 9 12 19
photo/116853/190982.jpg 9 12 19
photo/116853/190997.jpg 9 12 19
photo/119986/193479.jpg 12 16 23
photo/120497/284726.jpg 13 18 26
photo/120497/751.jpg 13 18 26
photo/120497/752.jpg 13 18 26
herbarium_photo_associations/121836/2520.jpg 14 19 37
photo/121836/2517.jpg 14 19 37
photo/121836/2514.jpg 14 19 37
photo/121836/2512.jpg 14 19 37
photo/121836/2513.jpg 14 19 37
photo/121841/86429.jpg 14 19 38
herbarium_photo_associations/121841/86519.jpg 14 19 38
photo/121841/86430.jpg 14 19 38
photo/121841/86428.jpg 14 19 38
photo/121841/86427.jpg 14 19 38
photo/12254/9547.jpg 15 20 40
photo/12254/10633.jpg 15 20 40
photo/12254/10626.jpg 15 20 40
photo/12254/9539.jpg 15 20 40
photo/12254/10625.jpg 15 20 40
herbarium_photo_associations/12518/11336.jpg 15 22 42
photo/12518/11352.jpg 15 22 42
herbarium_photo_associations/12518/11372.jpg 15 22 42
photo/12518/11540.jpg 15 22 42
photo/12518/11471.jpg 15 22 42
photo/125412/86714.jpg 16 23 43
photo/125412/86716.jpg 16 23 43
photo/125412/86717.jpg 16 23 43
photo/126895/87399.jpg 17 24 44
photo/127007/87526.jpg 17 25 45
photo/127007/87528.jpg 17 25 45
photo/127007/87529.jpg 17 25 45
photo/127097/261724.jpg 18 26 47
photo/127097/261719.jpg 18 26 47
photo/127097/261725.jpg 18 26 47
photo/127097/261723.jpg 18 26 47
photo/127097/261722.jpg 18 26 47
photo/127151/265054.jpg 18 26 48
photo/127151/265195.jpg 18 26 48
photo/127151/265053.jpg 18 26 48
photo/127151/265052.jpg 18 26 48
photo/127151/265176.jpg 18 26 48
photo/127242/271202.jpg 18 26 49
photo/127242/271203.jpg 18 26 49
photo/127242/271462.jpg 18 26 49
herbarium_photo_associations/127242/271434.jpg 18 26 49
photo/12910/11783.jpg 15 28 51
photo/12910/11782.jpg 15 28 51
photo/12910/11778.jpg 15 28 51
photo/12910/11765.jpg 15 28 51
photo/12910/11796.jpg 15 28 51
photo/12922/13337.jpg 15 29 52
herbarium_photo_associations/12922/13522.jpg 15 29 52
herbarium_photo_associations/12922/13520.jpg 15 29 52
photo/12922/13343.jpg 15 29 52
photo/12922/13340.jpg 15 29 52
photo/129645/260666.jpg 19 31 58
photo/129645/260664.jpg 19 31 58
photo/129645/260678.jpg 19 31 58
photo/129645/260679.jpg 19 31 58
photo/129645/260676.jpg 19 31 58
photo/130657/1000.jpg 19 33 60
photo/130657/321841.jpg 19 33 60
photo/130657/997.jpg 19 33 60
photo/130657/998.jpg 19 33 60
photo/131079/330029.jpg 19 33 61
herbarium_photo_associations/131079/329628.jpg 19 33 61
herbarium_photo_associations/131079/328758.jpg 19 33 61
photo/131079/330025.jpg 19 33 61
photo/131079/328796.jpg 19 33 61
photo/131736/300248.jpg 19 33 63
photo/131736/300247.jpg 19 33 63
photo/131736/300252.jpg 19 33 63
photo/131736/300275.jpg 19 33 63
photo/131736/300276.jpg 19 33 63
photo/132107/1007.jpg 19 33 64
photo/132107/310712.jpg 19 33 64
photo/132107/309905.jpg 19 33 64
photo/132107/1008.jpg 19 33 64
photo/132107/1006.jpg 19 33 64
photo/132113/283015.jpg 19 33 65
herbarium_photo_associations/132113/283001.jpg 19 33 65
herbarium_photo_associations/132113/283008.jpg 19 33 65
herbarium_photo_associations/132113/283000.jpg 19 33 65
herbarium_photo_associations/132113/283006.jpg 19 33 65
photo/132325/1056.jpg 19 34 66
photo/132325/1057.jpg 19 34 66
photo/132325/169459.jpg 19 34 66
photo/132431/87697.jpg 19 36 68
photo/132431/87994.jpg 19 36 68
photo/132431/1342.jpg 19 36 68
photo/132431/87669.jpg 19 36 68
photo/132431/87995.jpg 19 36 68
photo/132476/281951.jpg 19 37 69
photo/132476/281547.jpg 19 37 69
photo/132476/281957.jpg 19 37 69
photo/132476/281923.jpg 19 37 69
photo/132476/281924.jpg 19 37 69
photo/132501/1570.jpg 19 37 70
photo/132501/307312.jpg 19 37 70
herbarium_photo_associations/132501/307730.jpg 19 37 70
herbarium_photo_associations/132501/307744.jpg 19 37 70
herbarium_photo_associations/132501/307299.jpg 19 37 70
photo/13276/136.jpg 20 39 72
herbarium_photo_associations/13276/137.jpg 20 39 72
herbarium_photo_associations/13276/138.jpg 20 39 72
herbarium_photo_associations/13276/139.jpg 20 39 72
photo/13325/141.jpg 20 39 74
herbarium_photo_associations/13325/142.jpg 20 39 74
herbarium_photo_associations/13325/143.jpg 20 39 74
herbarium_photo_associations/13330/16058.jpg 20 39 76
herbarium_photo_associations/13330/16013.jpg 20 39 76
photo/13330/16139.jpg 20 39 76
herbarium_photo_associations/13330/16057.jpg 20 39 76
herbarium_photo_associations/13330/16014.jpg 20 39 76
photo/133595/315829.jpg 19 43 79
photo/133595/315840.jpg 19 43 79
photo/133595/315828.jpg 19 43 79
photo/133595/315831.jpg 19 43 79
photo/133595/315839.jpg 19 43 79
photo/133617/2273.jpg 19 46 82
photo/133617/2278.jpg 19 46 82
photo/133617/272579.jpg 19 46 82
photo/133617/272750.jpg 19 46 82
photo/133617/2275.jpg 19 46 82
photo/13370/16475.jpg 20 39 84
photo/13370/16476.jpg 20 39 84
photo/13370/16470.jpg 20 39 84
photo/13370/16294.jpg 20 39 84
photo/13370/16292.jpg 20 39 84
photo/136761/2127.jpg 21 50 92
photo/136761/2128.jpg 21 50 92
photo/136761/284634.jpg 21 50 92
photo/136761/284641.jpg 21 50 92
photo/138662/256746.jpg 22 54 99
photo/138662/256950.jpg 22 54 99
photo/138662/256953.jpg 22 54 99
photo/138662/256777.jpg 22 54 99
photo/138662/256752.jpg 22 54 99
herbarium_photo_associations/13870/17187.jpg 20 53 100
photo/13870/17201.jpg 20 53 100
herbarium_photo_associations/13870/17185.jpg 20 53 100
herbarium_photo_associations/13870/17186.jpg 20 53 100
herbarium_photo_associations/13870/17183.jpg 20 53 100
photo/140367/260911.jpg 22 56 103
photo/140367/260917.jpg 22 56 103
photo/140367/260946.jpg 22 56 103
photo/140367/260914.jpg 22 56 103
photo/140367/260915.jpg 22 56 103
photo/141068/267685.jpg 22 58 105
photo/141068/267684.jpg 22 58 105
photo/141068/267691.jpg 22 58 105
photo/141068/267695.jpg 22 58 105
photo/141068/267693.jpg 22 58 105
photo/141332/196172.jpg 23 59 106
photo/141332/196173.jpg 23 59 106
photo/141336/197081.jpg 23 59 107
photo/142550/265631.jpg 26 62 110
photo/142550/265629.jpg 26 62 110
photo/142550/265667.jpg 26 62 110
photo/142550/265671.jpg 26 62 110
photo/142550/265668.jpg 26 62 110
photo/142736/88445.jpg 27 63 116
photo/142736/1212.jpg 27 63 116
photo/142736/1228.jpg 27 63 116
photo/142736/1211.jpg 27 63 116
herbarium_photo_associations/142736/1218.jpg 27 63 116
photo/143496/197318.jpg 28 66 122
photo/143496/197309.jpg 28 66 122
photo/143496/197313.jpg 28 66 122
photo/143496/197310.jpg 28 66 122
herbarium_photo_associations/143496/197289.jpg 28 66 122
herbarium_photo_associations/14353/17987.jpg 20 65 123
photo/14353/1126.jpg 20 65 123
herbarium_photo_associations/14353/17986.jpg 20 65 123
photo/14353/1124.jpg 20 65 123
herbarium_photo_associations/14353/17992.jpg 20 65 123
photo/143706/198699.jpg 28 67 128
photo/143706/198701.jpg 28 67 128
photo/143758/202693.jpg 28 67 133
photo/143758/202695.jpg 28 67 133
photo/143758/202696.jpg 28 67 133
herbarium_photo_associations/14401/1137.jpg 20 65 136
herbarium_photo_associations/14401/1136.jpg 20 65 136
photo/14401/1134.jpg 20 65 136
photo/14401/18388.jpg 20 65 136
photo/14401/1135.jpg 20 65 136
photo/144394/190471.jpg 30 69 142
photo/144394/190473.jpg 30 69 142
photo/144394/190468.jpg 30 69 142
photo/144394/190465.jpg 30 69 142
photo/144394/190469.jpg 30 69 142
photo/145020/526.jpg 32 71 144
photo/145020/88761.jpg 32 71 144
photo/145020/88762.jpg 32 71 144
herbarium_photo_associations/145020/88759.jpg 32 71 144
herbarium_photo_associations/14766/85565.jpg 20 73 147
herbarium_photo_associations/14766/85567.jpg 20 73 147
herbarium_photo_associations/14766/85573.jpg 20 73 147
herbarium_photo_associations/14766/85575.jpg 20 73 147
herbarium_photo_associations/14766/85561.jpg 20 73 147
herbarium_photo_associations/148220/289824.jpg 34 75 151
herbarium_photo_associations/148220/289825.jpg 34 75 151
photo/148220/103.jpg 34 75 151
photo/148220/102.jpg 34 75 151
photo/148220/101.jpg 34 75 151
photo/148977/291232.jpg 34 77 154
photo/148977/538.jpg 34 77 154
photo/148977/291233.jpg 34 77 154
photo/148977/291229.jpg 34 77 154
photo/148977/291236.jpg 34 77 154
herbarium_photo_associations/149264/592.jpg 34 78 155
herbarium_photo_associations/149264/243685.jpg 34 78 155
herbarium_photo_associations/149264/243691.jpg 34 78 155
herbarium_photo_associations/149264/593.jpg 34 78 155
herbarium_photo_associations/149264/589.jpg 34 78 155
photo/149682/1058.jpg 34 80 157
photo/149682/283039.jpg 34 80 157
photo/149682/283040.jpg 34 80 157
photo/149919/290219.jpg 34 81 158
photo/149919/290225.jpg 34 81 158
photo/149919/290222.jpg 34 81 158
photo/149919/290220.jpg 34 81 158
herbarium_photo_associations/149919/290154.jpg 34 81 158
photo/150135/295084.jpg 34 82 159
photo/150135/1367.jpg 34 82 159
photo/150135/295080.jpg 34 82 159
photo/150135/295085.jpg 34 82 159
photo/150135/295083.jpg 34 82 159
photo/15014/22813.jpg 20 83 160
herbarium_photo_associations/15014/2241.jpg 20 83 160
photo/151469/308230.jpg 34 87 169
herbarium_photo_associations/151469/308381.jpg 34 87 169
herbarium_photo_associations/151469/308379.jpg 34 87 169
photo/151469/308259.jpg 34 87 169
photo/151469/308553.jpg 34 87 169
herbarium_photo_associations/151593/319492.jpg 34 88 171
herbarium_photo_associations/151593/319491.jpg 34 88 171
photo/151593/1919.jpg 34 88 171
photo/151593/1921.jpg 34 88 171
photo/151593/1918.jpg 34 88 171
photo/15318/19909.jpg 20 90 173
photo/15318/20055.jpg 20 90 173
photo/15318/20098.jpg 20 90 173
photo/15318/19915.jpg 20 90 173
photo/15318/19908.jpg 20 90 173
photo/15330/239235.jpg 20 90 174
photo/15330/239236.jpg 20 90 174
herbarium_photo_associations/15330/2894.jpg 20 90 174
photo/15355/20172.jpg 20 90 176
photo/15355/20177.jpg 20 90 176
photo/15355/20175.jpg 20 90 176
photo/15355/20174.jpg 20 90 176
photo/15355/20173.jpg 20 90 176
photo/156516/256128.jpg 35 93 184
photo/156516/256113.jpg 35 93 184
photo/156516/256131.jpg 35 93 184
photo/156516/256104.jpg 35 93 184
photo/156516/256126.jpg 35 93 184
photo/156526/261690.jpg 35 93 186
photo/156526/261668.jpg 35 93 186
photo/156526/261667.jpg 35 93 186
photo/156526/261661.jpg 35 93 186
photo/156526/261662.jpg 35 93 186
photo/158341/256417.jpg 35 97 198
photo/158341/256409.jpg 35 97 198
photo/158341/256460.jpg 35 97 198
photo/158341/256419.jpg 35 97 198
photo/158341/256472.jpg 35 97 198
photo/158592/258514.jpg 35 98 201
photo/158592/258360.jpg 35 98 201
photo/158592/258359.jpg 35 98 201
photo/158592/258367.jpg 35 98 201
photo/158592/258515.jpg 35 98 201
photo/158653/256179.jpg 35 98 205
photo/158653/256197.jpg 35 98 205
photo/158653/256182.jpg 35 98 205
photo/158653/256191.jpg 35 98 205
photo/158653/256177.jpg 35 98 205
photo/158736/253490.jpg 35 98 208
photo/158736/253502.jpg 35 98 208
photo/158736/253493.jpg 35 98 208
photo/158736/253505.jpg 35 98 208
photo/158736/253673.jpg 35 98 208
photo/158793/261924.jpg 35 98 210
photo/158793/261922.jpg 35 98 210
photo/158793/261941.jpg 35 98 210
photo/158793/261919.jpg 35 98 210
photo/158793/261925.jpg 35 98 210
photo/158833/266171.jpg 35 98 212
photo/158833/266124.jpg 35 98 212
photo/158833/266178.jpg 35 98 212
photo/158833/266182.jpg 35 98 212
photo/158833/266170.jpg 35 98 212
photo/159434/252016.jpg 36 100 217
photo/159483/89265.jpg 36 101 220
photo/159483/89260.jpg 36 101 220
photo/159483/89262.jpg 36 101 220
photo/159483/89261.jpg 36 101 220
photo/159483/89266.jpg 36 101 220
photo/159516/91478.jpg 36 101 224
photo/159516/91479.jpg 36 101 224
photo/159516/91480.jpg 36 101 224
photo/159518/176480.jpg 36 101 225
photo/159518/176481.jpg 36 101 225
photo/159581/93389.jpg 36 102 229
photo/159581/93423.jpg 36 102 229
photo/159630/94449.jpg 36 103 234
photo/159630/94456.jpg 36 103 234
photo/159630/94458.jpg 36 103 234
photo/159630/94453.jpg 36 103 234
photo/159630/94721.jpg 36 103 234
photo/159647/95870.jpg 36 103 237
photo/160570/16.jpg 37 105 240
photo/160570/315851.jpg 37 105 240
photo/160570/14.jpg 37 105 240
photo/160570/17.jpg 37 105 240
photo/160570/315852.jpg 37 105 240
photo/166822/172412.jpg 37 109 245
photo/166822/172414.jpg 37 109 245
photo/166822/172416.jpg 37 109 245
photo/166822/172408.jpg 37 109 245
photo/166822/172411.jpg 37 109 245
photo/166869/286.jpg 37 110 246
photo/166869/320026.jpg 37 110 246
photo/166869/290.jpg 37 110 246
photo/166869/288.jpg 37 110 246
photo/166869/320025.jpg 37 110 246
herbarium_photo_associations/167503/405.jpg 37 112 248
photo/167503/58527.jpg 37 112 248
herbarium_photo_associations/167503/403.jpg 37 112 248
herbarium_photo_associations/167503/409.jpg 37 112 248
herbarium_photo_associations/167503/397.jpg 37 112 248
photo/167811/58799.jpg 37 113 251
photo/167813/59338.jpg 37 113 252
photo/167813/59339.jpg 37 113 252
photo/167813/59340.jpg 37 113 252
herbarium_photo_associations/169293/278368.jpg 37 115 255
photo/169293/278454.jpg 37 115 255
photo/169293/277146.jpg 37 115 255
photo/169293/278460.jpg 37 115 255
photo/169293/277147.jpg 37 115 255
photo/170879/61944.jpg 37 120 262
photo/170879/61952.jpg 37 120 262
herbarium_photo_associations/170879/61724.jpg 37 120 262
herbarium_photo_associations/170879/61723.jpg 37 120 262
photo/170879/61946.jpg 37 120 262
photo/170934/736.jpg 37 121 263
photo/170934/62580.jpg 37 121 263
photo/170934/62579.jpg 37 121 263
photo/170934/62578.jpg 37 121 263
herbarium_photo_associations/170934/742.jpg 37 121 263
herbarium_photo_associations/171131/849.jpg 37 123 266
herbarium_photo_associations/171131/846.jpg 37 123 266
herbarium_photo_associations/171131/845.jpg 37 123 266
photo/171131/141432.jpg 37 123 266
herbarium_photo_associations/171131/848.jpg 37 123 266
photo/171727/316726.jpg 37 128 272
photo/171727/316724.jpg 37 128 272
photo/171727/983.jpg 37 128 272
photo/171727/316723.jpg 37 128 272
herbarium_photo_associations/171727/316759.jpg 37 128 272
herbarium_photo_associations/173155/63777.jpg 37 129 273
photo/173155/63686.jpg 37 129 273
photo/173155/63702.jpg 37 129 273
photo/173155/1350.jpg 37 129 273
photo/173155/64344.jpg 37 129 273
photo/173914/1392.jpg 37 130 276
photo/173914/123306.jpg 37 130 276
photo/173914/1395.jpg 37 130 276
photo/173914/1385.jpg 37 130 276
photo/173914/1384.jpg 37 130 276
photo/173972/254486.jpg 37 130 277
photo/173972/254506.jpg 37 130 277
photo/173972/254484.jpg 37 130 277
photo/173972/254491.jpg 37 130 277
photo/173972/254502.jpg 37 130 277
photo/174017/1399.jpg 37 130 278
photo/174017/244866.jpg 37 130 278
photo/174017/1403.jpg 37 130 278
photo/174017/1424.jpg 37 130 278
photo/174017/1409.jpg 37 130 278
photo/174066/1439.jpg 37 130 281
photo/174066/1442.jpg 37 130 281
photo/174066/1446.jpg 37 130 281
photo/174066/1441.jpg 37 130 281
photo/174066/1445.jpg 37 130 281
photo/174137/253766.jpg 37 130 284
photo/174137/253763.jpg 37 130 284
photo/174137/253762.jpg 37 130 284
photo/174137/253796.jpg 37 130 284
photo/174137/253797.jpg 37 130 284
photo/174163/1491.jpg 37 130 287
photo/174163/124083.jpg 37 130 287
photo/174163/124084.jpg 37 130 287
photo/174163/124056.jpg 37 130 287
photo/174163/124059.jpg 37 130 287
photo/174213/1526.jpg 37 130 292
photo/174213/1537.jpg 37 130 292
photo/174213/1527.jpg 37 130 292
photo/174213/1534.jpg 37 130 292
photo/174213/1531.jpg 37 130 292
photo/174233/256564.jpg 37 130 293
photo/174233/256561.jpg 37 130 293
photo/174233/256559.jpg 37 130 293
photo/174233/256558.jpg 37 130 293
photo/174233/256565.jpg 37 130 293
photo/174252/1545.jpg 37 130 294
photo/174252/124574.jpg 37 130 294
photo/174252/124578.jpg 37 130 294
photo/174252/1550.jpg 37 130 294
photo/174252/1547.jpg 37 130 294
photo/176461/1677.jpg 37 132 297
photo/176461/1673.jpg 37 132 297
photo/176461/1683.jpg 37 132 297
photo/176461/1675.jpg 37 132 297
photo/176461/1682.jpg 37 132 297
photo/177730/281025.jpg 37 133 299
photo/177730/281027.jpg 37 133 299
photo/177730/281024.jpg 37 133 299
photo/177730/280692.jpg 37 133 299
photo/177730/280695.jpg 37 133 299
photo/177775/1832.jpg 37 133 300
photo/177775/1829.jpg 37 133 300
photo/177775/304434.jpg 37 133 300
photo/177775/303996.jpg 37 133 300
photo/177775/304006.jpg 37 133 300
photo/178094/1883.jpg 37 134 301
photo/178094/310905.jpg 37 134 301
photo/179495/1961.jpg 37 137 307
photo/179495/1962.jpg 37 137 307
photo/179495/1957.jpg 37 137 307
photo/179495/1954.jpg 37 137 307
photo/179495/1958.jpg 37 137 307
photo/179512/180254.jpg 37 137 309
photo/179512/1969.jpg 37 137 309
photo/179512/1970.jpg 37 137 309
photo/179512/1972.jpg 37 137 309
photo/180631/2212.jpg 37 142 315
photo/180631/2211.jpg 37 142 315
photo/180631/141654.jpg 37 142 315
photo/180631/2213.jpg 37 142 315
photo/180631/2214.jpg 37 142 315
herbarium_photo_associations/182092/66191.jpg 37 144 318
photo/182092/66401.jpg 37 144 318
photo/182092/66000.jpg 37 144 318
herbarium_photo_associations/182092/66188.jpg 37 144 318
herbarium_photo_associations/182092/66340.jpg 37 144 318
photo/182246/68286.jpg 37 144 320
photo/182246/68283.jpg 37 144 320
photo/182246/68281.jpg 37 144 320
photo/182246/68280.jpg 37 144 320
herbarium_photo_associations/182246/66966.jpg 37 144 320
herbarium_photo_associations/182247/69327.jpg 37 144 321
photo/182247/69869.jpg 37 144 321
herbarium_photo_associations/182247/69387.jpg 37 144 321
photo/182247/69880.jpg 37 144 321
photo/182247/68722.jpg 37 144 321
photo/183061/70229.jpg 37 147 325
photo/183061/70230.jpg 37 147 325
photo/183061/70489.jpg 37 147 325
herbarium_photo_associations/183061/2597.jpg 37 147 325
herbarium_photo_associations/183061/2595.jpg 37 147 325
herbarium_photo_associations/183194/2647.jpg 37 147 330
herbarium_photo_associations/183194/2639.jpg 37 147 330
herbarium_photo_associations/183194/2650.jpg 37 147 330
herbarium_photo_associations/183194/2623.jpg 37 147 330
photo/183194/2622.jpg 37 147 330
photo/183304/71174.jpg 37 148 333
photo/183304/71173.jpg 37 148 333
herbarium_photo_associations/183304/71029.jpg 37 148 333
herbarium_photo_associations/183304/71028.jpg 37 148 333
photo/183304/71176.jpg 37 148 333
herbarium_photo_associations/183305/252173.jpg 37 148 334
herbarium_photo_associations/183305/252181.jpg 37 148 334
photo/183305/252229.jpg 37 148 334
herbarium_photo_associations/183305/252172.jpg 37 148 334
photo/183305/252227.jpg 37 148 334
herbarium_photo_associations/184849/2883.jpg 37 151 338
herbarium_photo_associations/184849/2887.jpg 37 151 338
photo/184849/2873.jpg 37 151 338
photo/184849/2874.jpg 37 151 338
photo/184849/2876.jpg 37 151 338
photo/185302/148695.jpg 39 153 341
photo/185302/148696.jpg 39 153 341
photo/185302/149300.jpg 39 153 341
photo/185321/149462.jpg 39 153 342
photo/185321/149463.jpg 39 153 342
photo/185321/149464.jpg 39 153 342
photo/185430/149761.jpg 39 153 343
photo/185430/150950.jpg 39 153 343
photo/185430/149762.jpg 39 153 343
photo/185430/149777.jpg 39 153 343
photo/185430/149759.jpg 39 153 343
photo/187306/266831.jpg 42 156 351
photo/187306/2550.jpg 42 156 351
photo/187306/266832.jpg 42 156 351
photo/187306/266828.jpg 42 156 351
photo/187306/266826.jpg 42 156 351
photo/189086/220715.jpg 45 160 356
photo/189086/220706.jpg 45 160 356
photo/189086/220673.jpg 45 160 356
photo/189086/221804.jpg 45 160 356
photo/189086/221802.jpg 45 160 356
photo/189532/271826.jpg 46 162 359
photo/189532/271827.jpg 46 162 359
photo/189532/271830.jpg 46 162 359
photo/189532/271828.jpg 46 162 359
photo/189532/272071.jpg 46 162 359
photo/189549/242222.jpg 46 163 360
photo/189549/242224.jpg 46 163 360
herbarium_photo_associations/189549/1611.jpg 46 163 360
photo/189549/242223.jpg 46 163 360
herbarium_photo_associations/189549/1613.jpg 46 163 360
photo/189669/305988.jpg 46 164 361
herbarium_photo_associations/189669/305773.jpg 46 164 361
photo/189669/305997.jpg 46 164 361
herbarium_photo_associations/189669/305770.jpg 46 164 361
photo/189669/305974.jpg 46 164 361
herbarium_photo_associations/190183/173594.jpg 47 165 362
photo/190183/173604.jpg 47 165 362
photo/190183/173605.jpg 47 165 362
photo/190183/173606.jpg 47 165 362
herbarium_photo_associations/190183/173593.jpg 47 165 362
photo/191373/11.jpg 48 167 364
herbarium_photo_associations/191373/306064.jpg 48 167 364
herbarium_photo_associations/191373/306063.jpg 48 167 364
photo/191373/10.jpg 48 167 364
photo/191373/12.jpg 48 167 364
photo/191642/50485.jpg 48 168 365
herbarium_photo_associations/191642/50241.jpg 48 168 365
photo/191642/50490.jpg 48 168 365
herbarium_photo_associations/191642/50212.jpg 48 168 365
herbarium_photo_associations/191642/50237.jpg 48 168 365
photo/19165/21522.jpg 49 169 366
photo/19165/20983.jpg 49 169 366
photo/19165/20965.jpg 49 169 366
herbarium_photo_associations/19165/21495.jpg 49 169 366
photo/19165/20964.jpg 49 169 366
photo/192311/50905.jpg 48 173 370
photo/192311/50911.jpg 48 173 370
herbarium_photo_associations/192311/50870.jpg 48 173 370
photo/192311/50899.jpg 48 173 370
photo/192311/50912.jpg 48 173 370
photo/193141/282580.jpg 48 174 371
photo/193141/282608.jpg 48 174 371
photo/193141/282138.jpg 48 174 371
photo/193141/282610.jpg 48 174 371
photo/193141/282139.jpg 48 174 371
photo/193927/288987.jpg 48 178 375
photo/193927/1232.jpg 48 178 375
photo/193927/288988.jpg 48 178 375
photo/193927/288985.jpg 48 178 375
photo/193927/288995.jpg 48 178 375
herbarium_photo_associations/194035/172886.jpg 48 178 376
photo/194035/172964.jpg 48 178 376
herbarium_photo_associations/194035/172861.jpg 48 178 376
photo/194035/172972.jpg 48 178 376
photo/194035/173086.jpg 48 178 376
herbarium_photo_associations/194115/1322.jpg 48 179 377
photo/194115/1329.jpg 48 179 377
photo/194115/1325.jpg 48 179 377
photo/194115/1326.jpg 48 179 377
photo/194115/1324.jpg 48 179 377
photo/19489/34330.jpg 49 183 381
photo/19489/34316.jpg 49 183 381
photo/19489/34194.jpg 49 183 381
photo/19489/207.jpg 49 183 381
photo/19489/32613.jpg 49 183 381
photo/195201/4085.jpg 48 184 383
photo/195454/274061.jpg 48 185 385
photo/195454/274051.jpg 48 185 385
photo/195454/276585.jpg 48 185 385
photo/195454/274052.jpg 48 185 385
photo/195454/276545.jpg 48 185 385
photo/195752/269618.jpg 48 187 389
photo/195752/269556.jpg 48 187 389
herbarium_photo_associations/195752/270051.jpg 48 187 389
photo/195752/269554.jpg 48 187 389
photo/195752/269552.jpg 48 187 389
photo/196781/203421.jpg 51 189 393
photo/196781/203422.jpg 51 189 393
photo/196866/272156.jpg 52 190 395
herbarium_photo_associations/196866/272196.jpg 52 190 395
photo/196866/272154.jpg 52 190 395
herbarium_photo_associations/196866/272195.jpg 52 190 395
photo/196866/272155.jpg 52 190 395
photo/196912/288756.jpg 52 191 396
photo/196912/1892.jpg 52 191 396
photo/196912/288757.jpg 52 191 396
photo/196912/288758.jpg 52 191 396
photo/196912/1893.jpg 52 191 396
photo/196966/316414.jpg 52 192 397
photo/196966/316416.jpg 52 192 397
photo/196966/2534.jpg 52 192 397
photo/196966/316417.jpg 52 192 397
photo/196966/2535.jpg 52 192 397
photo/197755/99022.jpg 53 194 399
photo/197755/99023.jpg 53 194 399
photo/197791/100490.jpg 53 195 401
photo/197791/100492.jpg 53 195 401
herbarium_photo_associations/197791/91.jpg 53 195 401
herbarium_photo_associations/197791/100599.jpg 53 195 401
photo/197791/100481.jpg 53 195 401
photo/197919/248.jpg 53 197 403
herbarium_photo_associations/197919/249.jpg 53 197 403
herbarium_photo_associations/197919/250.jpg 53 197 403
photo/198307/102672.jpg 53 198 405
photo/198307/102092.jpg 53 198 405
photo/198307/102675.jpg 53 198 405
photo/198307/102091.jpg 53 198 405
photo/198307/102093.jpg 53 198 405
photo/198363/102952.jpg 53 198 408
photo/198363/102955.jpg 53 198 408
photo/198363/103015.jpg 53 198 408
photo/198363/103016.jpg 53 198 408
photo/198363/102957.jpg 53 198 408
photo/199587/106487.jpg 53 209 423
photo/199587/106488.jpg 53 209 423
photo/199587/106489.jpg 53 209 423
photo/199744/108936.jpg 53 209 429
photo/199744/108937.jpg 53 209 429
photo/199744/108939.jpg 53 209 429
photo/200006/110459.jpg 53 209 433
photo/200006/110460.jpg 53 209 433
photo/200006/110461.jpg 53 209 433
photo/200087/111250.jpg 53 209 436
photo/200087/111247.jpg 53 209 436
photo/200087/111248.jpg 53 209 436
herbarium_photo_associations/200087/111241.jpg 53 209 436
photo/200087/111249.jpg 53 209 436
photo/200119/112033.jpg 53 209 437
photo/200119/112034.jpg 53 209 437
photo/200119/112026.jpg 53 209 437
herbarium_photo_associations/200119/1794.jpg 53 209 437
photo/200119/112025.jpg 53 209 437
photo/200204/114883.jpg 53 209 439
herbarium_photo_associations/200204/114785.jpg 53 209 439
herbarium_photo_associations/200204/114786.jpg 53 209 439
herbarium_photo_associations/200204/114788.jpg 53 209 439
photo/200215/113474.jpg 53 209 440
photo/200215/113475.jpg 53 209 440
photo/200249/116484.jpg 53 209 442
photo/200249/116485.jpg 53 209 442
photo/200249/116486.jpg 53 209 442
herbarium_photo_associations/200249/116416.jpg 53 209 442
photo/200320/115313.jpg 53 209 444
photo/200320/115314.jpg 53 209 444
photo/200338/116635.jpg 53 209 445
photo/200402/178263.jpg 53 209 446
photo/200402/1797.jpg 53 209 446
photo/200402/1796.jpg 53 209 446
photo/200402/178261.jpg 53 209 446
photo/200402/1795.jpg 53 209 446
herbarium_photo_associations/200712/118081.jpg 53 211 454
herbarium_photo_associations/200712/118079.jpg 53 211 454
herbarium_photo_associations/200712/118078.jpg 53 211 454
herbarium_photo_associations/200712/118072.jpg 53 211 454
herbarium_photo_associations/200712/118069.jpg 53 211 454
photo/200877/119646.jpg 53 212 455
photo/200915/119850.jpg 53 213 456
photo/201073/121862.jpg 53 214 457
photo/201073/121895.jpg 53 214 457
photo/201652/315.jpg 54 218 461
photo/201652/322.jpg 54 218 461
photo/201652/317.jpg 54 218 461
photo/201652/316.jpg 54 218 461
photo/201652/319.jpg 54 218 461
photo/201678/311113.jpg 54 219 462
photo/201678/311105.jpg 54 219 462
photo/201678/311111.jpg 54 219 462
photo/201678/311114.jpg 54 219 462
herbarium_photo_associations/201678/311117.jpg 54 219 462
photo/202049/308110.jpg 54 221 464
photo/202049/308121.jpg 54 221 464
photo/202049/2658.jpg 54 221 464
photo/202049/308116.jpg 54 221 464
photo/202049/308123.jpg 54 221 464
photo/202107/2792.jpg 54 222 465
photo/202107/2793.jpg 54 222 465
photo/202107/320749.jpg 54 222 465
photo/202825/200757.jpg 56 224 469
photo/202825/200758.jpg 56 224 469
photo/202825/200759.jpg 56 224 469
photo/203347/125097.jpg 57 225 470
photo/203347/125098.jpg 57 225 470
photo/203347/125099.jpg 57 225 470
photo/203347/125101.jpg 57 225 470
photo/2041/237722.jpg 58 227 472
herbarium_photo_associations/2041/1573.jpg 58 227 472
photo/2041/237720.jpg 58 227 472
photo/2041/237721.jpg 58 227 472
photo/2041/237724.jpg 58 227 472
photo/204499/260075.jpg 57 229 476
photo/204499/260078.jpg 57 229 476
photo/204499/260074.jpg 57 229 476
photo/204499/260076.jpg 57 229 476
photo/204499/260079.jpg 57 229 476
photo/204775/261106.jpg 59 230 477
photo/204775/261034.jpg 59 230 477
photo/204775/261105.jpg 59 230 477
photo/204775/261036.jpg 59 230 477
photo/204775/261037.jpg 59 230 477
herbarium_photo_associations/205564/126791.jpg 60 233 482
herbarium_photo_associations/205564/126793.jpg 60 233 482
herbarium_photo_associations/205564/126794.jpg 60 233 482
herbarium_photo_associations/205564/126797.jpg 60 233 482
herbarium_photo_associations/205564/126795.jpg 60 233 482
photo/206767/125961.jpg 60 234 487
photo/206767/125962.jpg 60 234 487
photo/206767/126385.jpg 60 234 487
herbarium_photo_associations/206767/126353.jpg 60 234 487
photo/206874/126627.jpg 60 234 488
herbarium_photo_associations/206874/126583.jpg 60 234 488
photo/206874/126628.jpg 60 234 488
photo/206874/126632.jpg 60 234 488
photo/206874/126629.jpg 60 234 488
photo/207009/127294.jpg 60 234 490
photo/207009/127301.jpg 60 234 490
photo/207009/127291.jpg 60 234 490
photo/207009/127300.jpg 60 234 490
photo/207009/127299.jpg 60 234 490
photo/207161/127839.jpg 60 234 493
photo/207161/128033.jpg 60 234 493
photo/207375/128289.jpg 60 234 495
herbarium_photo_associations/207375/128264.jpg 60 234 495
photo/207375/128290.jpg 60 234 495
herbarium_photo_associations/207375/128265.jpg 60 234 495
herbarium_photo_associations/207375/128267.jpg 60 234 495
herbarium_photo_associations/207441/128725.jpg 60 234 496
herbarium_photo_associations/207441/128604.jpg 60 234 496
herbarium_photo_associations/207441/128550.jpg 60 234 496
herbarium_photo_associations/207441/128611.jpg 60 234 496
herbarium_photo_associations/207441/128583.jpg 60 234 496
photo/207452/129491.jpg 60 234 497
photo/207452/129492.jpg 60 234 497
photo/207452/129493.jpg 60 234 497
photo/208641/237415.jpg 60 235 501
herbarium_photo_associations/208641/237374.jpg 60 235 501
photo/208641/237414.jpg 60 235 501
photo/208641/237409.jpg 60 235 501
photo/208641/237412.jpg 60 235 501
photo/208673/130197.jpg 60 235 502
herbarium_photo_associations/208673/130157.jpg 60 235 502
photo/208673/130204.jpg 60 235 502
herbarium_photo_associations/208673/130158.jpg 60 235 502
photo/208673/130201.jpg 60 235 502
photo/208788/131487.jpg 60 235 504
photo/208865/131536.jpg 60 235 505
photo/208865/131661.jpg 60 235 505
photo/208865/131662.jpg 60 235 505
photo/208865/131531.jpg 60 235 505
photo/208865/131663.jpg 60 235 505
photo/208971/132300.jpg 60 235 508
photo/208971/132295.jpg 60 235 508
photo/208971/133234.jpg 60 235 508
photo/208971/133233.jpg 60 235 508
photo/208971/132297.jpg 60 235 508
herbarium_photo_associations/209078/245430.jpg 60 236 511
herbarium_photo_associations/209078/245442.jpg 60 236 511
herbarium_photo_associations/209078/245434.jpg 60 236 511
herbarium_photo_associations/209078/245440.jpg 60 236 511
herbarium_photo_associations/209078/245432.jpg 60 236 511
photo/209327/134906.jpg 60 237 512
herbarium_photo_associations/209327/134412.jpg 60 237 512
photo/209327/135036.jpg 60 237 512
herbarium_photo_associations/209327/134411.jpg 60 237 512
photo/209327/133934.jpg 60 237 512
photo/209328/136228.jpg 60 237 513
photo/209328/135653.jpg 60 237 513
photo/209328/136050.jpg 60 237 513
photo/209328/135188.jpg 60 237 513
photo/209328/135703.jpg 60 237 513
herbarium_photo_associations/211059/186762.jpg 61 238 514
photo/211059/186730.jpg 61 238 514
photo/211059/189201.jpg 61 238 514
photo/211059/186871.jpg 61 238 514
photo/211059/186736.jpg 61 238 514
photo/211519/261804.jpg 62 239 516
photo/211519/261894.jpg 62 239 516
photo/211519/261895.jpg 62 239 516
photo/211519/261802.jpg 62 239 516
photo/211519/261806.jpg 62 239 516
photo/212342/272082.jpg 64 243 525
photo/212342/467.jpg 64 243 525
photo/212342/470.jpg 64 243 525
photo/212342/272083.jpg 64 243 525
photo/212342/469.jpg 64 243 525
photo/212920/281291.jpg 65 246 530
herbarium_photo_associations/212920/281265.jpg 65 246 530
photo/212920/281280.jpg 65 246 530
photo/212920/281289.jpg 65 246 530
photo/212920/281278.jpg 65 246 530
photo/213850/248533.jpg 66 248 535
photo/213850/248630.jpg 66 248 535
photo/213850/249138.jpg 66 248 535
photo/213866/139960.jpg 66 248 537
photo/213866/140548.jpg 66 248 537
photo/213866/140583.jpg 66 248 537
photo/213866/140532.jpg 66 248 537
photo/213866/140536.jpg 66 248 537
photo/22256/178166.jpg 49 257 547
photo/22256/178161.jpg 49 257 547
herbarium_photo_associations/22256/178008.jpg 49 257 547
photo/22256/178163.jpg 49 257 547
photo/22256/178164.jpg 49 257 547
photo/226017/141072.jpg 68 258 550
photo/226017/141074.jpg 68 258 550
photo/226017/141070.jpg 68 258 550
photo/226017/140804.jpg 68 258 550
photo/226017/141071.jpg 68 258 550
photo/23107/3079.jpg 49 261 553
photo/23107/3081.jpg 49 261 553
herbarium_photo_associations/23107/3231.jpg 49 261 553
photo/236883/141088.jpg 68 265 557
photo/236883/2095.jpg 68 265 557
photo/236883/2096.jpg 68 265 557
photo/237053/141415.jpg 68 265 558
photo/237053/141414.jpg 68 265 558
photo/237053/141411.jpg 68 265 558
photo/237053/141410.jpg 68 265 558
photo/237053/141417.jpg 68 265 558
photo/2401/5997.jpg 58 227 560
photo/2401/6570.jpg 58 227 560
photo/2401/6571.jpg 58 227 560
herbarium_photo_associations/2401/6525.jpg 58 227 560
photo/244705/305721.jpg 69 268 562
photo/244705/305729.jpg 69 268 562
photo/244705/305727.jpg 69 268 562
photo/244705/305682.jpg 69 268 562
photo/244705/305705.jpg 69 268 562
photo/24557/236742.jpg 49 269 563
photo/24557/236745.jpg 49 269 563
photo/24557/2711.jpg 49 269 563
photo/248199/2066.jpg 70 270 564
photo/248199/2067.jpg 70 270 564
photo/248199/290017.jpg 70 270 564
photo/248392/146200.jpg 70 271 569
photo/248392/146196.jpg 70 271 569
herbarium_photo_associations/248392/146060.jpg 70 271 569
photo/248392/146210.jpg 70 271 569
herbarium_photo_associations/248392/146054.jpg 70 271 569
photo/248478/2371.jpg 71 272 570
photo/248478/2366.jpg 71 272 570
photo/248478/284921.jpg 71 272 570
photo/248478/2365.jpg 71 272 570
photo/248478/2380.jpg 71 272 570
photo/249436/123.jpg 74 275 573
photo/249436/324220.jpg 74 275 573
photo/249436/324221.jpg 74 275 573
photo/251291/272944.jpg 74 276 575
photo/251291/272925.jpg 74 276 575
photo/251291/2039.jpg 74 276 575
photo/251291/272924.jpg 74 276 575
photo/251291/2038.jpg 74 276 575
photo/252811/2013.jpg 76 279 580
photo/252811/303910.jpg 76 279 580
photo/252811/303914.jpg 76 279 580
photo/253836/2041.jpg 76 280 583
photo/253836/282853.jpg 76 280 583
photo/254000/302838.jpg 76 280 584
photo/254000/2042.jpg 76 280 584
photo/254000/302836.jpg 76 280 584
photo/254000/302839.jpg 76 280 584
photo/254000/302840.jpg 76 280 584
photo/254111/271541.jpg 76 280 585
photo/254111/271536.jpg 76 280 585
photo/254111/271540.jpg 76 280 585
photo/254111/271487.jpg 76 280 585
photo/254111/271486.jpg 76 280 585
photo/254180/2045.jpg 76 280 586
photo/254180/233101.jpg 76 280 586
photo/254180/232968.jpg 76 280 586
photo/254180/2061.jpg 76 280 586
photo/254180/2058.jpg 76 280 586
photo/257336/241250.jpg 78 282 588
photo/257336/241274.jpg 78 282 588
herbarium_photo_associations/257336/241220.jpg 78 282 588
herbarium_photo_associations/257336/241218.jpg 78 282 588
herbarium_photo_associations/257336/2097.jpg 78 282 588
photo/26327/244417.jpg 79 283 589
photo/26327/244418.jpg 79 283 589
photo/26327/244421.jpg 79 283 589
photo/26327/244422.jpg 79 283 589
photo/26327/244420.jpg 79 283 589
photo/26393/24294.jpg 79 283 590
photo/26393/24295.jpg 79 283 590
photo/26393/24243.jpg 79 283 590
photo/26393/24296.jpg 79 283 590
photo/26393/24246.jpg 79 283 590
photo/26635/24093.jpg 79 283 591
photo/26635/24094.jpg 79 283 591
photo/26635/24095.jpg 79 283 591
herbarium_photo_associations/270961/316586.jpg 81 285 593
photo/270961/1882.jpg 81 285 593
herbarium_photo_associations/270961/316584.jpg 81 285 593
photo/270961/316628.jpg 81 285 593
herbarium_photo_associations/270961/316580.jpg 81 285 593
photo/271764/2313.jpg 81 286 594
photo/271764/322811.jpg 81 286 594
herbarium_photo_associations/271764/322622.jpg 81 286 594
herbarium_photo_associations/271764/322620.jpg 81 286 594
photo/271764/322813.jpg 81 286 594
photo/271781/287752.jpg 81 286 595
photo/271781/2327.jpg 81 286 595
photo/271781/288001.jpg 81 286 595
herbarium_photo_associations/271781/288047.jpg 81 286 595
photo/271781/288101.jpg 81 286 595
photo/27221/24406.jpg 79 287 596
photo/27221/24407.jpg 79 287 596
herbarium_photo_associations/27221/293.jpg 79 287 596
photo/27221/24402.jpg 79 287 596
herbarium_photo_associations/27221/24404.jpg 79 287 596
photo/273462/203826.jpg 82 288 597
photo/273462/203827.jpg 82 288 597
photo/274108/205042.jpg 82 289 599
photo/274108/205041.jpg 82 289 599
photo/274108/205047.jpg 82 289 599
photo/274108/205045.jpg 82 289 599
photo/274108/204551.jpg 82 289 599
photo/274114/243167.jpg 82 289 600
photo/274114/242618.jpg 82 289 600
photo/274114/243172.jpg 82 289 600
photo/274114/243170.jpg 82 289 600
photo/274114/243174.jpg 82 289 600
photo/274118/231600.jpg 82 289 601
photo/274118/231601.jpg 82 289 601
photo/274118/231602.jpg 82 289 601
photo/274257/206015.jpg 82 290 602
photo/274257/206016.jpg 82 290 602
photo/274257/206017.jpg 82 290 602
photo/274257/206013.jpg 82 290 602
photo/274257/205282.jpg 82 290 602
photo/27457/24533.jpg 79 291 604
photo/27457/24540.jpg 79 291 604
photo/27457/24543.jpg 79 291 604
photo/27457/24532.jpg 79 291 604
photo/27457/24545.jpg 79 291 604
photo/274693/208109.jpg 82 292 605
photo/274693/208108.jpg 82 292 605
photo/274693/208104.jpg 82 292 605
photo/274693/208107.jpg 82 292 605
photo/274693/208105.jpg 82 292 605
photo/27492/24646.jpg 79 293 606
photo/27492/24647.jpg 79 293 606
photo/27492/24648.jpg 79 293 606
photo/275029/155666.jpg 83 294 607
photo/275029/155669.jpg 83 294 607
photo/275029/155662.jpg 83 294 607
photo/275029/155663.jpg 83 294 607
photo/275029/880.jpg 83 294 607
photo/275255/2126.jpg 84 295 608
photo/275255/312356.jpg 84 295 608
photo/275255/312357.jpg 84 295 608
photo/275255/312454.jpg 84 295 608
photo/27760/24723.jpg 79 298 612
herbarium_photo_associations/27760/1835.jpg 79 298 612
photo/27803/25046.jpg 79 299 613
herbarium_photo_associations/27803/24960.jpg 79 299 613
photo/27803/24972.jpg 79 299 613
photo/27803/25045.jpg 79 299 613
photo/27803/24971.jpg 79 299 613
photo/279552/2252.jpg 86 301 615
photo/279552/328328.jpg 86 301 615
photo/279552/2255.jpg 86 301 615
photo/279552/2244.jpg 86 301 615
photo/279552/2253.jpg 86 301 615
photo/279730/206179.jpg 87 302 616
photo/279730/206181.jpg 87 302 616
photo/279730/206866.jpg 87 302 616
photo/279730/206871.jpg 87 302 616
photo/279732/207016.jpg 87 302 617
photo/279732/207017.jpg 87 302 617
photo/279732/207013.jpg 87 302 617
herbarium_photo_associations/279732/207352.jpg 87 302 617
herbarium_photo_associations/279732/207353.jpg 87 302 617
photo/279848/210878.jpg 87 303 621
photo/279869/211579.jpg 87 303 624
photo/279869/211580.jpg 87 303 624
photo/279884/212843.jpg 87 303 626
photo/279884/212844.jpg 87 303 626
photo/279884/212845.jpg 87 303 626
photo/279884/212847.jpg 87 303 626
photo/280085/214854.jpg 87 306 632
photo/280085/214828.jpg 87 306 632
photo/280085/214853.jpg 87 306 632
photo/280085/214825.jpg 87 306 632
photo/280085/214846.jpg 87 306 632
herbarium_photo_associations/28014/235555.jpg 79 304 633
herbarium_photo_associations/28014/2020.jpg 79 304 633
herbarium_photo_associations/28014/235562.jpg 79 304 633
herbarium_photo_associations/28014/235563.jpg 79 304 633
photo/28014/235536.jpg 79 304 633
photo/28037/25381.jpg 79 304 634
photo/28037/25382.jpg 79 304 634
photo/28066/25478.jpg 79 304 635
photo/28066/25479.jpg 79 304 635
photo/280698/216122.jpg 87 307 636
photo/280698/216152.jpg 87 307 636
photo/280698/216080.jpg 87 307 636
photo/280698/219202.jpg 87 307 636
photo/280698/216081.jpg 87 307 636
photo/28131/25288.jpg 79 304 641
photo/28131/25291.jpg 79 304 641
photo/28131/25297.jpg 79 304 641
photo/28143/25591.jpg 79 304 642
photo/28235/2034.jpg 79 304 646
herbarium_photo_associations/28235/2031.jpg 79 304 646
herbarium_photo_associations/28235/2032.jpg 79 304 646
herbarium_photo_associations/28235/2033.jpg 79 304 646
photo/285297/2912.jpg 90 312 649
photo/285297/2910.jpg 90 312 649
herbarium_photo_associations/285297/325579.jpg 90 312 649
photo/285297/2909.jpg 90 312 649
photo/285297/2907.jpg 90 312 649
photo/285398/262850.jpg 91 313 650
photo/285398/262851.jpg 91 313 650
photo/285398/262033.jpg 91 313 650
photo/285398/262024.jpg 91 313 650
photo/285398/262031.jpg 91 313 650
photo/28904/25868.jpg 79 314 651
photo/28904/25865.jpg 79 314 651
photo/28904/25861.jpg 79 314 651
photo/28904/25867.jpg 79 314 651
photo/28904/26055.jpg 79 314 651
photo/29013/26147.jpg 79 315 652
photo/290677/260287.jpg 92 316 653
photo/290677/260288.jpg 92 316 653
photo/290677/260241.jpg 92 316 653
photo/290677/260248.jpg 92 316 653
photo/290677/260240.jpg 92 316 653
photo/291840/272459.jpg 92 317 654
photo/291840/272458.jpg 92 317 654
photo/291840/272485.jpg 92 317 654
photo/291840/272578.jpg 92 317 654
photo/291840/272577.jpg 92 317 654
photo/294700/253031.jpg 92 324 662
photo/294700/253026.jpg 92 324 662
photo/294700/253033.jpg 92 324 662
photo/294700/253034.jpg 92 324 662
photo/294700/253027.jpg 92 324 662
photo/29586/146928.jpg 93 326 664
photo/29586/148416.jpg 93 326 664
herbarium_photo_associations/29586/147281.jpg 93 326 664
photo/29586/148417.jpg 93 326 664
photo/29586/148544.jpg 93 326 664
photo/29686/26341.jpg 93 328 666
photo/29686/26343.jpg 93 328 666
photo/29686/26338.jpg 93 328 666
photo/29686/26340.jpg 93 328 666
photo/29686/26423.jpg 93 328 666
photo/298670/258142.jpg 92 330 669
photo/298670/258146.jpg 92 330 669
photo/298670/258141.jpg 92 330 669
photo/298670/258358.jpg 92 330 669
photo/298670/258143.jpg 92 330 669
photo/301929/267036.jpg 92 333 672
photo/301929/267090.jpg 92 333 672
photo/301929/267087.jpg 92 333 672
photo/301929/267267.jpg 92 333 672
photo/301929/267088.jpg 92 333 672
photo/306892/381.jpg 96 344 686
photo/306892/321094.jpg 96 344 686
photo/306892/321082.jpg 96 344 686
photo/306892/380.jpg 96 344 686
photo/306892/321099.jpg 96 344 686
photo/306966/392.jpg 96 344 689
photo/306966/393.jpg 96 344 689
photo/306966/298065.jpg 96 344 689
photo/306966/385.jpg 96 344 689
photo/306966/390.jpg 96 344 689
photo/308130/220092.jpg 97 347 692
photo/308130/220105.jpg 97 347 692
photo/309819/157425.jpg 100 351 699
photo/309819/157426.jpg 100 351 699
photo/309819/157427.jpg 100 351 699
photo/309819/157428.jpg 100 351 699
photo/309845/243486.jpg 100 351 700
photo/309845/243487.jpg 100 351 700
herbarium_photo_associations/309849/155755.jpg 100 351 701
herbarium_photo_associations/309849/155751.jpg 100 351 701
herbarium_photo_associations/309849/155752.jpg 100 351 701
herbarium_photo_associations/309849/155763.jpg 100 351 701
herbarium_photo_associations/309849/155749.jpg 100 351 701
herbarium_photo_associations/309983/748.jpg 100 353 703
herbarium_photo_associations/309983/252257.jpg 100 353 703
herbarium_photo_associations/309983/749.jpg 100 353 703
herbarium_photo_associations/309983/745.jpg 100 353 703
photo/309983/252571.jpg 100 353 703
photo/31061/28067.jpg 99 354 713
photo/31061/28068.jpg 99 354 713
photo/31061/28104.jpg 99 354 713
photo/310653/157651.jpg 100 357 714
photo/310653/157745.jpg 100 357 714
photo/310653/157746.jpg 100 357 714
photo/310653/157747.jpg 100 357 714
photo/31082/28675.jpg 99 354 719
photo/31082/28676.jpg 99 354 719
photo/310829/158060.jpg 100 358 720
photo/310829/158065.jpg 100 358 720
photo/310829/158066.jpg 100 358 720
photo/310829/158068.jpg 100 358 720
herbarium_photo_associations/310933/180184.jpg 100 359 722
herbarium_photo_associations/310933/180186.jpg 100 359 722
herbarium_photo_associations/310933/180181.jpg 100 359 722
herbarium_photo_associations/310933/180185.jpg 100 359 722
herbarium_photo_associations/310933/180182.jpg 100 359 722
photo/311053/158477.jpg 100 361 724
photo/311053/158560.jpg 100 361 724
photo/311053/158561.jpg 100 361 724
photo/311053/158562.jpg 100 361 724
photo/311160/500.jpg 101 362 726
photo/311160/324143.jpg 101 362 726
herbarium_photo_associations/311160/323674.jpg 101 362 726
photo/311160/324142.jpg 101 362 726
photo/311160/324141.jpg 101 362 726
photo/313517/223735.jpg 102 369 752
photo/313517/223736.jpg 102 369 752
photo/315877/2456.jpg 106 374 765
photo/315877/2464.jpg 106 374 765
photo/315877/2449.jpg 106 374 765
photo/315877/2454.jpg 106 374 765
photo/315877/2471.jpg 106 374 765
photo/317044/169909.jpg 108 378 770
photo/317044/169991.jpg 108 378 770
photo/317044/169992.jpg 108 378 770
photo/317044/170065.jpg 108 378 770
photo/317444/159474.jpg 108 379 771
photo/317444/159452.jpg 108 379 771
photo/317444/159479.jpg 108 379 771
photo/317444/159451.jpg 108 379 771
photo/317444/161511.jpg 108 379 771
photo/317531/162255.jpg 108 379 772
photo/317531/162204.jpg 108 379 772
herbarium_photo_associations/317531/162217.jpg 108 379 772
photo/317531/162223.jpg 108 379 772
photo/317531/162210.jpg 108 379 772
photo/317765/166315.jpg 108 382 775
photo/317765/168482.jpg 108 382 775
photo/317765/168348.jpg 108 382 775
photo/317765/166443.jpg 108 382 775
photo/317765/168113.jpg 108 382 775
photo/317986/169161.jpg 108 382 777
photo/317986/169159.jpg 108 382 777
photo/317986/169160.jpg 108 382 777
photo/317986/168941.jpg 108 382 777
photo/317986/168942.jpg 108 382 777
photo/318253/142207.jpg 108 382 779
photo/318253/142205.jpg 108 382 779
photo/318253/142208.jpg 108 382 779
photo/318253/142211.jpg 108 382 779
photo/318253/142209.jpg 108 382 779
photo/318639/142772.jpg 108 382 781
photo/318639/142773.jpg 108 382 781
photo/318639/142774.jpg 108 382 781
photo/318675/143367.jpg 108 382 782
photo/318675/143368.jpg 108 382 782
photo/318675/143370.jpg 108 382 782
photo/318675/143791.jpg 108 382 782
photo/318807/145036.jpg 108 382 784
photo/318807/145039.jpg 108 382 784
photo/318807/145052.jpg 108 382 784
photo/318807/144374.jpg 108 382 784
photo/318807/145055.jpg 108 382 784
photo/318869/179247.jpg 108 382 785
photo/318869/179248.jpg 108 382 785
photo/319098/263694.jpg 109 383 786
photo/319098/263820.jpg 109 383 786
photo/319098/263592.jpg 109 383 786
photo/319098/263690.jpg 109 383 786
photo/319098/263584.jpg 109 383 786
photo/320118/194607.jpg 111 385 789
photo/32035/29740.jpg 99 387 792
photo/32035/733.jpg 99 387 792
photo/32037/30021.jpg 99 387 793
photo/32037/30180.jpg 99 387 793
photo/32037/30183.jpg 99 387 793
photo/32037/30184.jpg 99 387 793
photo/32248/30567.jpg 99 389 798
photo/32248/30570.jpg 99 389 798
photo/32248/30568.jpg 99 389 798
photo/32248/30572.jpg 99 389 798
photo/32248/30571.jpg 99 389 798
photo/32272/29582.jpg 99 390 800
photo/32433/31474.jpg 99 395 808
photo/32433/31456.jpg 99 395 808
photo/32433/31455.jpg 99 395 808
photo/32433/31475.jpg 99 395 808
photo/32433/31472.jpg 99 395 808
photo/324344/169342.jpg 114 396 811
photo/324344/169346.jpg 114 396 811
photo/324344/169349.jpg 114 396 811
photo/324344/169347.jpg 114 396 811
photo/324344/169350.jpg 114 396 811
photo/325055/866.jpg 115 397 814
herbarium_photo_associations/325055/280355.jpg 115 397 814
herbarium_photo_associations/325055/280354.jpg 115 397 814
photo/325055/280608.jpg 115 397 814
photo/325055/871.jpg 115 397 814
photo/325220/152175.jpg 115 398 815
photo/325220/152185.jpg 115 398 815
herbarium_photo_associations/325220/151140.jpg 115 398 815
photo/325220/1619.jpg 115 398 815
photo/325220/151928.jpg 115 398 815
photo/325552/2016.jpg 115 399 816
herbarium_photo_associations/325552/323586.jpg 115 399 816
herbarium_photo_associations/325552/323587.jpg 115 399 816
photo/325562/152615.jpg 115 399 817
photo/325562/152301.jpg 115 399 817
photo/325562/2017.jpg 115 399 817
photo/325562/152308.jpg 115 399 817
photo/325562/152307.jpg 115 399 817
photo/325648/319298.jpg 115 401 819
photo/325648/318815.jpg 115 401 819
photo/325648/319297.jpg 115 401 819
photo/325648/319294.jpg 115 401 819
photo/325648/319293.jpg 115 401 819
photo/325681/153723.jpg 115 401 820
photo/325681/152710.jpg 115 401 820
photo/325681/152724.jpg 115 401 820
photo/325681/152785.jpg 115 401 820
photo/325681/153711.jpg 115 401 820
photo/326115/257889.jpg 116 403 824
photo/326115/257885.jpg 116 403 824
photo/326115/257892.jpg 116 403 824
photo/326115/257891.jpg 116 403 824
photo/326115/257895.jpg 116 403 824
photo/330070/153939.jpg 118 406 828
photo/330070/153955.jpg 118 406 828
photo/330070/153957.jpg 118 406 828
herbarium_photo_associations/330070/117.jpg 118 406 828
photo/330070/153943.jpg 118 406 828
photo/330590/284475.jpg 118 407 829
photo/330590/284552.jpg 118 407 829
photo/330590/284536.jpg 118 407 829
photo/330590/284487.jpg 118 407 829
photo/330590/284474.jpg 118 407 829
photo/330705/290970.jpg 118 408 830
photo/330705/290971.jpg 118 408 830
photo/330705/996.jpg 118 408 830
photo/33309/175078.jpg 99 410 833
photo/33309/2524.jpg 99 410 833
photo/3491/173540.jpg 58 413 837
photo/3491/173544.jpg 58 413 837
herbarium_photo_associations/3491/2257.jpg 58 413 837
photo/373/5877.jpg 58 415 839
herbarium_photo_associations/373/5082.jpg 58 415 839
photo/373/5876.jpg 58 415 839
photo/373/5870.jpg 58 415 839
photo/373/5840.jpg 58 415 839
photo/37545/183438.jpg 120 414 843
photo/37545/183439.jpg 120 414 843
photo/37545/183440.jpg 120 414 843
photo/38272/193205.jpg 121 416 846
photo/38272/193206.jpg 121 416 846
photo/39604/46698.jpg 123 418 848
photo/39604/46704.jpg 123 418 848
photo/39604/46701.jpg 123 418 848
photo/39604/46699.jpg 123 418 848
photo/39604/46702.jpg 123 418 848
photo/41913/261.jpg 124 421 854
photo/41913/279727.jpg 124 421 854
herbarium_photo_associations/41913/279602.jpg 124 421 854
photo/41913/279726.jpg 124 421 854
photo/41913/279731.jpg 124 421 854
photo/41921/269.jpg 124 421 855
herbarium_photo_associations/41921/305117.jpg 124 421 855
photo/41921/266.jpg 124 421 855
herbarium_photo_associations/41921/305115.jpg 124 421 855
photo/41921/265.jpg 124 421 855
herbarium_photo_associations/41941/307.jpg 124 422 856
photo/41941/304.jpg 124 422 856
photo/41941/46932.jpg 124 422 856
herbarium_photo_associations/41941/310.jpg 124 422 856
photo/41941/46930.jpg 124 422 856
photo/41992/47512.jpg 124 423 857
photo/41992/47107.jpg 124 423 857
herbarium_photo_associations/41992/47158.jpg 124 423 857
herbarium_photo_associations/41992/47155.jpg 124 423 857
herbarium_photo_associations/41992/47156.jpg 124 423 857
photo/42003/684.jpg 124 424 858
herbarium_photo_associations/42003/290278.jpg 124 424 858
photo/42003/683.jpg 124 424 858
photo/42003/685.jpg 124 424 858
photo/42003/686.jpg 124 424 858
photo/42046/286843.jpg 124 425 859
photo/42046/853.jpg 124 425 859
photo/42046/856.jpg 124 425 859
herbarium_photo_associations/42046/286743.jpg 124 425 859
photo/42046/857.jpg 124 425 859
herbarium_photo_associations/42087/278945.jpg 124 426 860
photo/42087/1026.jpg 124 426 860
photo/42087/1027.jpg 124 426 860
photo/42087/1019.jpg 124 426 860
photo/42087/1020.jpg 124 426 860
photo/42258/48101.jpg 124 429 864
photo/42258/48090.jpg 124 429 864
photo/42258/48100.jpg 124 429 864
photo/42258/48134.jpg 124 429 864
photo/42258/48135.jpg 124 429 864
photo/42264/3864.jpg 124 430 865
photo/42264/3866.jpg 124 430 865
herbarium_photo_associations/42264/1652.jpg 124 430 865
herbarium_photo_associations/42264/1648.jpg 124 430 865
herbarium_photo_associations/42264/1650.jpg 124 430 865
photo/42278/48066.jpg 124 431 866
herbarium_photo_associations/42278/1736.jpg 124 431 866
photo/42278/48051.jpg 124 431 866
photo/42278/48052.jpg 124 431 866
herbarium_photo_associations/42278/1735.jpg 124 431 866
photo/42532/2706.jpg 124 432 868
photo/42532/2699.jpg 124 432 868
herbarium_photo_associations/42532/2710.jpg 124 432 868
photo/42532/2704.jpg 124 432 868
photo/42532/2701.jpg 124 432 868
herbarium_photo_associations/42586/301384.jpg 124 433 869
photo/42586/2732.jpg 124 433 869
photo/42586/301546.jpg 124 433 869
herbarium_photo_associations/42586/301382.jpg 124 433 869
photo/42586/2733.jpg 124 433 869
photo/42594/243854.jpg 124 434 870
photo/42594/243843.jpg 124 434 870
herbarium_photo_associations/42594/2744.jpg 124 434 870
photo/42594/243852.jpg 124 434 870
photo/42594/243853.jpg 124 434 870
photo/42649/49965.jpg 125 435 871
photo/42649/48869.jpg 125 435 871
photo/42649/49957.jpg 125 435 871
photo/42649/49967.jpg 125 435 871
photo/42649/49968.jpg 125 435 871
photo/42658/50141.jpg 125 436 872
photo/42658/50080.jpg 125 436 872
photo/42658/50079.jpg 125 436 872
photo/42658/50140.jpg 125 436 872
photo/42658/50142.jpg 125 436 872
photo/42799/183666.jpg 126 437 873
photo/42799/183670.jpg 126 437 873
photo/42799/183671.jpg 126 437 873
photo/42799/183672.jpg 126 437 873
photo/4283/268527.jpg 127 438 874
photo/4283/268531.jpg 127 438 874
photo/4283/268525.jpg 127 438 874
photo/4283/268528.jpg 127 438 874
photo/4283/268530.jpg 127 438 874
photo/4291/1767.jpg 127 439 875
photo/4291/1759.jpg 127 439 875
photo/4291/1766.jpg 127 439 875
photo/4291/330199.jpg 127 439 875
photo/4291/1762.jpg 127 439 875
photo/43548/51874.jpg 128 440 876
photo/43548/51875.jpg 128 440 876
photo/43548/51876.jpg 128 440 876
photo/50420/52113.jpg 129 441 878
photo/50420/52101.jpg 129 441 878
photo/50420/52102.jpg 129 441 878
photo/50420/52109.jpg 129 441 878
photo/50420/52106.jpg 129 441 878
photo/50551/52277.jpg 129 442 879
photo/50551/52278.jpg 129 442 879
photo/51237/52633.jpg 129 444 881
photo/51237/52466.jpg 129 444 881
photo/51237/52623.jpg 129 444 881
photo/51237/52643.jpg 129 444 881
photo/51237/52611.jpg 129 444 881
photo/52657/52946.jpg 129 445 882
photo/52657/52940.jpg 129 445 882
photo/52657/52939.jpg 129 445 882
photo/52657/52944.jpg 129 445 882
photo/52657/52955.jpg 129 445 882
herbarium_photo_associations/54543/55264.jpg 131 447 887
herbarium_photo_associations/54543/55260.jpg 131 447 887
photo/54543/55544.jpg 131 447 887
photo/54543/55543.jpg 131 447 887
herbarium_photo_associations/54543/55263.jpg 131 447 887
photo/54595/179392.jpg 131 447 892
photo/54595/179393.jpg 131 447 892
herbarium_photo_associations/54595/179378.jpg 131 447 892
photo/54595/179394.jpg 131 447 892
herbarium_photo_associations/54595/179380.jpg 131 447 892
photo/54597/56461.jpg 131 447 893
photo/54597/56462.jpg 131 447 893
photo/54615/56960.jpg 131 448 895
photo/54615/56959.jpg 131 448 895
photo/54615/56965.jpg 131 448 895
photo/54615/56957.jpg 131 448 895
photo/54615/56961.jpg 131 448 895
photo/55477/57444.jpg 133 450 897
photo/55477/57442.jpg 133 450 897
photo/55477/57592.jpg 133 450 897
photo/55477/57456.jpg 133 450 897
photo/55477/57452.jpg 133 450 897
herbarium_photo_associations/56868/176882.jpg 133 451 898
photo/56868/177430.jpg 133 451 898
herbarium_photo_associations/56868/176861.jpg 133 451 898
photo/56868/176857.jpg 133 451 898
photo/56868/176855.jpg 133 451 898
photo/57485/80165.jpg 134 452 899
photo/57485/80166.jpg 134 452 899
photo/58398/96154.jpg 135 455 902
herbarium_photo_associations/58398/95933.jpg 135 455 902
herbarium_photo_associations/58398/95938.jpg 135 455 902
photo/58398/96885.jpg 135 455 902
herbarium_photo_associations/58398/95937.jpg 135 455 902
photo/60320/4976.jpg 138 458 905
photo/60320/4981.jpg 138 458 905
photo/60320/4952.jpg 138 458 905
photo/60320/4971.jpg 138 458 905
photo/60320/4963.jpg 138 458 905
photo/60646/72129.jpg 139 459 906
photo/60646/72133.jpg 139 459 906
photo/60646/72139.jpg 139 459 906
photo/60646/72134.jpg 139 459 906
photo/60646/72143.jpg 139 459 906
photo/60659/251303.jpg 139 460 907
photo/60659/251306.jpg 139 460 907
photo/60659/251317.jpg 139 460 907
photo/60659/251305.jpg 139 460 907
photo/60659/251297.jpg 139 460 907
photo/61750/88455.jpg 140 461 908
photo/61750/88462.jpg 140 461 908
photo/61750/88466.jpg 140 461 908
photo/61750/88459.jpg 140 461 908
photo/61750/88457.jpg 140 461 908
photo/61792/331.jpg 141 462 909
photo/61792/170697.jpg 141 462 909
photo/61792/170686.jpg 141 462 909
photo/61792/170688.jpg 141 462 909
photo/61792/170629.jpg 141 462 909
photo/61862/72827.jpg 142 463 911
photo/61862/73070.jpg 142 463 911
herbarium_photo_associations/61862/365.jpg 142 463 911
herbarium_photo_associations/61862/362.jpg 142 463 911
herbarium_photo_associations/61862/361.jpg 142 463 911
photo/61864/169200.jpg 142 463 912
photo/61864/169225.jpg 142 463 912
photo/61864/367.jpg 142 463 912
photo/65910/34.jpg 144 467 917
photo/65910/75.jpg 144 467 917
photo/65910/35.jpg 144 467 917
photo/65910/81.jpg 144 467 917
photo/65910/67.jpg 144 467 917
herbarium_photo_associations/66108/1237.jpg 144 471 930
herbarium_photo_associations/66108/1238.jpg 144 471 930
herbarium_photo_associations/66108/1241.jpg 144 471 930
herbarium_photo_associations/66108/1240.jpg 144 471 930
photo/66108/1236.jpg 144 471 930
photo/66121/1244.jpg 144 471 932
photo/66121/77103.jpg 144 471 932
photo/66121/1246.jpg 144 471 932
photo/66121/1247.jpg 144 471 932
photo/66121/1248.jpg 144 471 932
photo/66126/1250.jpg 144 471 933
photo/66126/1251.jpg 144 471 933
photo/66126/76728.jpg 144 471 933
herbarium_photo_associations/66126/1252.jpg 144 471 933
photo/66306/78674.jpg 144 472 946
photo/66306/78675.jpg 144 472 946
photo/66306/78676.jpg 144 472 946
photo/66306/78752.jpg 144 472 946
herbarium_photo_associations/66436/79004.jpg 144 473 949
photo/66436/79169.jpg 144 473 949
herbarium_photo_associations/66436/78995.jpg 144 473 949
photo/66436/79160.jpg 144 473 949
photo/66436/79163.jpg 144 473 949
photo/67084/79758.jpg 146 475 951
photo/67084/79771.jpg 146 475 951
photo/67084/79772.jpg 146 475 951
photo/67371/242346.jpg 146 476 952
photo/67371/242347.jpg 146 476 952
photo/67371/242348.jpg 146 476 952
photo/67386/80313.jpg 146 476 954
photo/67386/557.jpg 146 476 954
photo/67386/556.jpg 146 476 954
photo/67386/555.jpg 146 476 954
photo/67386/80424.jpg 146 476 954
photo/67784/241523.jpg 146 477 960
photo/67784/241537.jpg 146 477 960
photo/67784/241545.jpg 146 477 960
photo/67784/241526.jpg 146 477 960
photo/67784/241534.jpg 146 477 960
photo/67786/251797.jpg 146 477 961
photo/67786/251788.jpg 146 477 961
photo/67786/1046.jpg 146 477 961
photo/67786/1049.jpg 146 477 961
photo/67786/251789.jpg 146 477 961
photo/68035/2676.jpg 146 480 964
photo/68035/2660.jpg 146 480 964
photo/68035/2669.jpg 146 480 964
photo/68035/2682.jpg 146 480 964
photo/68035/2679.jpg 146 480 964
photo/68084/238996.jpg 146 481 965
photo/68084/238998.jpg 146 481 965
photo/68084/238999.jpg 146 481 965
photo/68084/239003.jpg 146 481 965
photo/6834/7069.jpg 147 482 968
photo/6834/7083.jpg 147 482 968
herbarium_photo_associations/6834/7678.jpg 147 482 968
herbarium_photo_associations/6834/7674.jpg 147 482 968
photo/6834/7879.jpg 147 482 968
photo/68607/573.jpg 148 483 969
herbarium_photo_associations/68607/306208.jpg 148 483 969
photo/68607/570.jpg 148 483 969
photo/68607/571.jpg 148 483 969
herbarium_photo_associations/68607/306207.jpg 148 483 969
photo/68717/290740.jpg 148 483 970
photo/68717/574.jpg 148 483 970
photo/68717/577.jpg 148 483 970
photo/68717/578.jpg 148 483 970
photo/68717/576.jpg 148 483 970
photo/69125/82704.jpg 149 486 973
photo/69125/82635.jpg 149 486 973
photo/69125/82580.jpg 149 486 973
photo/69125/82518.jpg 149 486 973
photo/69125/82544.jpg 149 486 973
herbarium_photo_associations/69226/176502.jpg 149 486 974
photo/69226/176513.jpg 149 486 974
herbarium_photo_associations/69226/176503.jpg 149 486 974
herbarium_photo_associations/69226/176501.jpg 149 486 974
photo/69226/176515.jpg 149 486 974
photo/69344/85540.jpg 149 487 975
photo/69344/85550.jpg 149 487 975
photo/69344/85105.jpg 149 487 975
photo/69344/85109.jpg 149 487 975
photo/69344/85539.jpg 149 487 975
photo/7660/232432.jpg 150 492 980
photo/7660/232433.jpg 150 492 980
photo/7660/232735.jpg 150 492 980
herbarium_photo_associations/7660/119.jpg 150 492 980
herbarium_photo_associations/77596/38009.jpg 0 494 982
photo/77596/37373.jpg 0 494 982
photo/77596/37375.jpg 0 494 982
photo/77596/37376.jpg 0 494 982
photo/77596/37374.jpg 0 494 982
photo/79435/238920.jpg 0 495 984
photo/79435/238947.jpg 0 495 984
herbarium_photo_associations/79435/238277.jpg 0 495 984
photo/79435/238928.jpg 0 495 984
photo/79435/238949.jpg 0 495 984
herbarium_photo_associations/80596/233705.jpg 0 496 985
photo/80596/234212.jpg 0 496 985
photo/80596/233499.jpg 0 496 985
photo/80596/233481.jpg 0 496 985
photo/80596/233491.jpg 0 496 985
photo/80672/38385.jpg 0 497 986
photo/80672/38628.jpg 0 497 986
photo/80672/39829.jpg 0 497 986
herbarium_photo_associations/80672/38406.jpg 0 497 986
herbarium_photo_associations/80672/38408.jpg 0 497 986
photo/80735/40788.jpg 0 498 987
photo/80735/40743.jpg 0 498 987
photo/80735/40754.jpg 0 498 987
herbarium_photo_associations/80735/40396.jpg 0 498 987
photo/80735/40024.jpg 0 498 987
photo/80894/41435.jpg 0 499 988
herbarium_photo_associations/80894/41433.jpg 0 499 988
herbarium_photo_associations/80894/41428.jpg 0 499 988
herbarium_photo_associations/80894/41430.jpg 0 499 988
herbarium_photo_associations/80894/41431.jpg 0 499 988
photo/8656/6870.jpg 150 500 989
photo/8656/6871.jpg 150 500 989
photo/8656/6872.jpg 150 500 989
photo/90626/42596.jpg 0 502 991
photo/90626/42547.jpg 0 502 991
photo/90626/42546.jpg 0 502 991
photo/90626/43448.jpg 0 502 991
photo/90626/43685.jpg 0 502 991
photo/99040/44188.jpg 0 506 995
herbarium_photo_associations/99040/44198.jpg 0 506 995
photo/99040/44189.jpg 0 506 995
photo/99040/44612.jpg 0 506 995
photo/99040/44179.jpg 0 506 995
photo/99232/46034.jpg 0 507 996
photo/99232/44760.jpg 0 507 996
photo/99232/46040.jpg 0 507 996
photo/99232/44767.jpg 0 507 996
photo/99232/46041.jpg 0 507 996
herbarium_photo_associations/121825/86036.jpg 14 19 36
herbarium_photo_associations/121825/86037.jpg 14 19 36
herbarium_photo_associations/121825/86038.jpg 14 19 36
herbarium_photo_associations/121854/86573.jpg 14 19 39
herbarium_photo_associations/121854/86574.jpg 14 19 39
herbarium_photo_associations/121854/86575.jpg 14 19 39
herbarium_photo_associations/121854/86576.jpg 14 19 39
herbarium_photo_associations/13336/144.jpg 20 39 77
herbarium_photo_associations/13376/244290.jpg 20 39 85
herbarium_photo_associations/13376/244291.jpg 20 39 85
herbarium_photo_associations/13376/244286.jpg 20 39 85
herbarium_photo_associations/13376/244288.jpg 20 39 85
herbarium_photo_associations/13376/244292.jpg 20 39 85
herbarium_photo_associations/13390/149.jpg 20 39 86
herbarium_photo_associations/13390/147.jpg 20 39 86
herbarium_photo_associations/13390/154.jpg 20 39 86
herbarium_photo_associations/13390/151.jpg 20 39 86
herbarium_photo_associations/13390/148.jpg 20 39 86
herbarium_photo_associations/13907/3582.jpg 20 55 102
herbarium_photo_associations/13907/3584.jpg 20 55 102
herbarium_photo_associations/13907/3583.jpg 20 55 102
herbarium_photo_associations/13907/3579.jpg 20 55 102
herbarium_photo_associations/13907/3585.jpg 20 55 102
herbarium_photo_associations/14294/243990.jpg 20 65 119
herbarium_photo_associations/14294/243998.jpg 20 65 119
herbarium_photo_associations/14294/243989.jpg 20 65 119
herbarium_photo_associations/14294/243982.jpg 20 65 119
herbarium_photo_associations/14294/243987.jpg 20 65 119
herbarium_photo_associations/14314/252665.jpg 20 65 120
herbarium_photo_associations/14314/252666.jpg 20 65 120
herbarium_photo_associations/14314/252662.jpg 20 65 120
herbarium_photo_associations/14314/252664.jpg 20 65 120
herbarium_photo_associations/14314/252663.jpg 20 65 120
herbarium_photo_associations/14359/243877.jpg 20 65 124
herbarium_photo_associations/14359/243878.jpg 20 65 124
herbarium_photo_associations/14359/243881.jpg 20 65 124
herbarium_photo_associations/14359/243880.jpg 20 65 124
herbarium_photo_associations/14359/243860.jpg 20 65 124
herbarium_photo_associations/143710/198922.jpg 28 67 129
herbarium_photo_associations/143710/198918.jpg 28 67 129
herbarium_photo_associations/143710/198919.jpg 28 67 129
herbarium_photo_associations/143710/198921.jpg 28 67 129
herbarium_photo_associations/143710/198920.jpg 28 67 129
herbarium_photo_associations/14939/174063.jpg 20 79 156
herbarium_photo_associations/14939/174058.jpg 20 79 156
herbarium_photo_associations/14939/174057.jpg 20 79 156
herbarium_photo_associations/14939/174062.jpg 20 79 156
herbarium_photo_associations/14939/174059.jpg 20 79 156
herbarium_photo_associations/15089/252772.jpg 20 85 163
herbarium_photo_associations/15089/252762.jpg 20 85 163
herbarium_photo_associations/15089/252766.jpg 20 85 163
herbarium_photo_associations/15089/252771.jpg 20 85 163
herbarium_photo_associations/15089/252764.jpg 20 85 163
herbarium_photo_associations/15091/289714.jpg 20 85 164
herbarium_photo_associations/15119/18534.jpg 20 86 165
herbarium_photo_associations/15119/18536.jpg 20 86 165
herbarium_photo_associations/15119/18532.jpg 20 86 165
herbarium_photo_associations/15119/18531.jpg 20 86 165
herbarium_photo_associations/15119/18533.jpg 20 86 165
herbarium_photo_associations/15135/19038.jpg 20 86 167
herbarium_photo_associations/15135/19040.jpg 20 86 167
herbarium_photo_associations/15135/2819.jpg 20 86 167
herbarium_photo_associations/15135/2818.jpg 20 86 167
herbarium_photo_associations/15135/19043.jpg 20 86 167
herbarium_photo_associations/15336/2895.jpg 20 90 175
herbarium_photo_associations/15336/2896.jpg 20 90 175
herbarium_photo_associations/169479/668.jpg 37 116 257
herbarium_photo_associations/169479/669.jpg 37 116 257
herbarium_photo_associations/181973/2310.jpg 37 143 317
herbarium_photo_associations/182140/2354.jpg 37 144 319
herbarium_photo_associations/182140/2355.jpg 37 144 319
herbarium_photo_associations/182140/2359.jpg 37 144 319
herbarium_photo_associations/182140/2353.jpg 37 144 319
herbarium_photo_associations/182140/2344.jpg 37 144 319
herbarium_photo_associations/184434/2820.jpg 37 150 337
herbarium_photo_associations/184434/2822.jpg 37 150 337
herbarium_photo_associations/184434/2823.jpg 37 150 337
herbarium_photo_associations/19341/20508.jpg 49 175 372
herbarium_photo_associations/19758/176590.jpg 49 193 398
herbarium_photo_associations/19758/176587.jpg 49 193 398
herbarium_photo_associations/19758/176585.jpg 49 193 398
herbarium_photo_associations/19758/176588.jpg 49 193 398
herbarium_photo_associations/19758/176589.jpg 49 193 398
herbarium_photo_associations/19887/243605.jpg 49 204 415
herbarium_photo_associations/19887/243606.jpg 49 204 415
herbarium_photo_associations/19887/243608.jpg 49 204 415
herbarium_photo_associations/19887/243609.jpg 49 204 415
herbarium_photo_associations/199742/108235.jpg 53 209 428
herbarium_photo_associations/199742/108236.jpg 53 209 428
herbarium_photo_associations/199742/108237.jpg 53 209 428
herbarium_photo_associations/199810/109620.jpg 53 209 430
herbarium_photo_associations/199810/109617.jpg 53 209 430
herbarium_photo_associations/199810/109621.jpg 53 209 430
herbarium_photo_associations/199810/109623.jpg 53 209 430
herbarium_photo_associations/199810/109618.jpg 53 209 430
herbarium_photo_associations/199938/109842.jpg 53 209 432
herbarium_photo_associations/199938/109843.jpg 53 209 432
herbarium_photo_associations/200075/179102.jpg 53 209 435
herbarium_photo_associations/200075/179103.jpg 53 209 435
herbarium_photo_associations/200075/179101.jpg 53 209 435
herbarium_photo_associations/200075/179105.jpg 53 209 435
herbarium_photo_associations/200075/179104.jpg 53 209 435
herbarium_photo_associations/200202/114715.jpg 53 209 438
herbarium_photo_associations/200202/114716.jpg 53 209 438
herbarium_photo_associations/200202/114717.jpg 53 209 438
herbarium_photo_associations/200202/114718.jpg 53 209 438
herbarium_photo_associations/200319/180292.jpg 53 209 443
herbarium_photo_associations/200319/180299.jpg 53 209 443
herbarium_photo_associations/200319/180297.jpg 53 209 443
herbarium_photo_associations/200319/180294.jpg 53 209 443
herbarium_photo_associations/200319/180293.jpg 53 209 443
herbarium_photo_associations/200679/117753.jpg 53 210 451
herbarium_photo_associations/200679/117754.jpg 53 210 451
herbarium_photo_associations/200679/117755.jpg 53 210 451
herbarium_photo_associations/200692/117847.jpg 53 210 452
herbarium_photo_associations/200692/117848.jpg 53 210 452
herbarium_photo_associations/200692/117840.jpg 53 210 452
herbarium_photo_associations/200692/117846.jpg 53 210 452
herbarium_photo_associations/200692/117845.jpg 53 210 452
herbarium_photo_associations/201384/2781.jpg 53 216 459
herbarium_photo_associations/206694/126905.jpg 60 234 483
herbarium_photo_associations/206694/126909.jpg 60 234 483
herbarium_photo_associations/206694/126904.jpg 60 234 483
herbarium_photo_associations/206694/126903.jpg 60 234 483
herbarium_photo_associations/206694/126907.jpg 60 234 483
herbarium_photo_associations/206728/243315.jpg 60 234 485
herbarium_photo_associations/206728/243311.jpg 60 234 485
herbarium_photo_associations/206728/243306.jpg 60 234 485
herbarium_photo_associations/206728/243308.jpg 60 234 485
herbarium_photo_associations/206728/243309.jpg 60 234 485
herbarium_photo_associations/206729/240722.jpg 60 234 486
herbarium_photo_associations/206729/240724.jpg 60 234 486
herbarium_photo_associations/206729/240725.jpg 60 234 486
herbarium_photo_associations/206729/240721.jpg 60 234 486
herbarium_photo_associations/206729/240723.jpg 60 234 486
herbarium_photo_associations/207042/241409.jpg 60 234 491
herbarium_photo_associations/207042/241407.jpg 60 234 491
herbarium_photo_associations/207042/241406.jpg 60 234 491
herbarium_photo_associations/207042/241405.jpg 60 234 491
herbarium_photo_associations/207042/241408.jpg 60 234 491
herbarium_photo_associations/207470/133746.jpg 60 234 498
herbarium_photo_associations/207470/133740.jpg 60 234 498
herbarium_photo_associations/207470/133743.jpg 60 234 498
herbarium_photo_associations/207470/133749.jpg 60 234 498
herbarium_photo_associations/207470/133750.jpg 60 234 498
herbarium_photo_associations/207575/243928.jpg 60 234 499
herbarium_photo_associations/207575/243927.jpg 60 234 499
herbarium_photo_associations/207575/243924.jpg 60 234 499
herbarium_photo_associations/207575/243926.jpg 60 234 499
herbarium_photo_associations/207575/243923.jpg 60 234 499
herbarium_photo_associations/209006/133364.jpg 60 235 510
herbarium_photo_associations/209006/133359.jpg 60 235 510
herbarium_photo_associations/209006/133379.jpg 60 235 510
herbarium_photo_associations/209006/133377.jpg 60 235 510
herbarium_photo_associations/209006/133363.jpg 60 235 510
herbarium_photo_associations/21329/22149.jpg 49 247 531
herbarium_photo_associations/21329/22151.jpg 49 247 531
herbarium_photo_associations/213831/246704.jpg 66 248 533
herbarium_photo_associations/213831/246710.jpg 66 248 533
herbarium_photo_associations/213831/246711.jpg 66 248 533
herbarium_photo_associations/22319/239279.jpg 49 257 548
herbarium_photo_associations/22319/239280.jpg 49 257 548
herbarium_photo_associations/310335/156045.jpg 100 355 708
herbarium_photo_associations/310335/156044.jpg 100 355 708
herbarium_photo_associations/310335/156056.jpg 100 355 708
herbarium_photo_associations/310335/156048.jpg 100 355 708
herbarium_photo_associations/310335/156053.jpg 100 355 708
herbarium_photo_associations/310373/243906.jpg 100 355 710
herbarium_photo_associations/310373/243907.jpg 100 355 710
herbarium_photo_associations/310373/243908.jpg 100 355 710
herbarium_photo_associations/31042/222.jpg 99 354 711
herbarium_photo_associations/313568/48407.jpg 103 370 753
herbarium_photo_associations/315651/225902.jpg 104 371 759
herbarium_photo_associations/315651/225904.jpg 104 371 759
herbarium_photo_associations/315651/225908.jpg 104 371 759
herbarium_photo_associations/318110/233121.jpg 108 382 778
herbarium_photo_associations/318110/233122.jpg 108 382 778
herbarium_photo_associations/318110/233126.jpg 108 382 778
herbarium_photo_associations/318110/233127.jpg 108 382 778
herbarium_photo_associations/318110/233125.jpg 108 382 778
herbarium_photo_associations/323153/73305.jpg 114 392 803
herbarium_photo_associations/323153/73306.jpg 114 392 803
herbarium_photo_associations/323153/73304.jpg 114 392 803
herbarium_photo_associations/323153/73307.jpg 114 392 803
herbarium_photo_associations/323153/73301.jpg 114 392 803
herbarium_photo_associations/324356/179002.jpg 114 396 813
herbarium_photo_associations/324356/178996.jpg 114 396 813
herbarium_photo_associations/324356/178995.jpg 114 396 813
herbarium_photo_associations/324356/178992.jpg 114 396 813
herbarium_photo_associations/324356/178990.jpg 114 396 813
herbarium_photo_associations/33693/235607.jpg 119 412 835
herbarium_photo_associations/33693/235596.jpg 119 412 835
herbarium_photo_associations/33693/235591.jpg 119 412 835
herbarium_photo_associations/33693/235598.jpg 119 412 835
herbarium_photo_associations/33693/235594.jpg 119 412 835
herbarium_photo_associations/54525/53573.jpg 131 447 886
herbarium_photo_associations/54525/53574.jpg 131 447 886
herbarium_photo_associations/54580/173550.jpg 131 447 889
herbarium_photo_associations/54580/173551.jpg 131 447 889
herbarium_photo_associations/54590/54024.jpg 131 447 890
herbarium_photo_associations/54590/54026.jpg 131 447 890
herbarium_photo_associations/61866/374.jpg 142 463 913
herbarium_photo_associations/61866/368.jpg 142 463 913
herbarium_photo_associations/61866/375.jpg 142 463 913
herbarium_photo_associations/61866/370.jpg 142 463 913
herbarium_photo_associations/61866/371.jpg 142 463 913
herbarium_photo_associations/65949/243513.jpg 144 469 921
herbarium_photo_associations/65949/243510.jpg 144 469 921
herbarium_photo_associations/65949/243509.jpg 144 469 921
herbarium_photo_associations/65949/243508.jpg 144 469 921
herbarium_photo_associations/65949/243511.jpg 144 469 921
herbarium_photo_associations/66033/177446.jpg 144 470 925
herbarium_photo_associations/66033/177444.jpg 144 470 925
herbarium_photo_associations/66033/177449.jpg 144 470 925
herbarium_photo_associations/66033/177451.jpg 144 470 925
herbarium_photo_associations/66033/177452.jpg 144 470 925
herbarium_photo_associations/66070/177543.jpg 144 471 927
herbarium_photo_associations/66070/177544.jpg 144 471 927
herbarium_photo_associations/66070/177545.jpg 144 471 927
herbarium_photo_associations/66070/177547.jpg 144 471 927
herbarium_photo_associations/66173/1622.jpg 144 472 936
herbarium_photo_associations/66173/1623.jpg 144 472 936
herbarium_photo_associations/66173/1625.jpg 144 472 936
herbarium_photo_associations/66173/1627.jpg 144 472 936
herbarium_photo_associations/66286/78293.jpg 144 472 943
herbarium_photo_associations/66286/78290.jpg 144 472 943
herbarium_photo_associations/66286/78294.jpg 144 472 943
herbarium_photo_associations/66286/78289.jpg 144 472 943
herbarium_photo_associations/66286/78291.jpg 144 472 943
